0.018414 88
8.926463 1
0.060286 1
0.552339 1
0.152353 1
0.912497 1
0.076464 1
0.144775 11
0.004200 778
0.000638 88
11.218990 1
0.104995 1
0.111553 1
0.129812 1
4.150651 1
0.318337 1
0.220383 1
0.554610 1
0.482336 11
0.075933 575
0.003664 55
0.001098 88
44.609874 1
0.126812 1
0.598980 1
0.489856 1
0.326362 1
0.364043 1
0.161064 1
2.780595 1
0.454624 1
4.942856 11
0.027888 88
31.731798 48
2.298694 136
6.283705 19
0.000053 2
1.175647 1
13.729696 47
1.271210 56
0.016175 134
0.001058 88
2.882927 47
8.261447 1
0.000030 114
0.849767 4
1.047922 1
1.643490 11
0.020009 350
0.001579 88
32.025853 85
0.024356 85
0.036742 85
0.020613 85
0.037961 85
0.357599 85
7.598693 47
1.366903 1
0.000024 114
0.542673 4
0.648812 1
0.329726 11
0.005732 350
0.000616 88
26.276867 27
1.074571 47
0.006203 88
290.379018 30
10.260313 43
1.716082 1
1.112278 75
2.702356 209
0.007641 88
364.851668 32
0.940070 48
0.000046 9
0.085309 139
0.010995 88
24.120219 31
41.621154 1
0.002572 44
0.288894 1
0.646088 75
0.656420 203
0.000028 9
0.004645 38
0.001251 88
15.738742 45
0.680710 123
0.006648 350
0.000894 88
30.541749 27
0.662240 47
0.006620 88
13.102104 31
6.614479 1
0.000110 44
0.249204 1
0.709117 75
0.693192 212
0.004726 38
0.001125 88
126.903006 140
2.994347 95
0.001805 60
4.428587 5
0.355156 1
0.057363 1
0.083141 1
0.775801 4
0.182421 4
0.179106 4
0.171339 5
0.163518 4
0.173252 5
0.173978 5
0.178339 5
0.181225 4
0.188864 5
0.212273 5
0.722817 1
0.057616 1
0.123730 1
0.058094 1
0.153942 1
0.033375 1
0.252276 1
0.131149 1
0.599755 1
0.679940 1
0.824507 1
0.531190 1
0.186532 1
0.508059 1
0.420261 1
0.168537 1
0.186598 1
0.172631 1
0.215100 1
0.295373 1
0.539824 4
0.411983 1
0.276514 1
0.143343 1
0.188332 1
0.947923 1
24.684964 1
0.528779 1
0.001572 1
0.033043 1
0.033104 1
0.040293 1
0.026584 1
0.031143 1
0.044929 1
0.020960 1
0.035898 1
0.033441 1
0.031311 1
0.033668 1
0.036532 1
0.033487 1
0.030364 1
0.033246 1
0.032137 1
0.033771 1
0.034817 1
0.030950 1
0.032988 1
0.035059 1
0.033852 1
0.031486 1
0.033003 1
0.034074 1
0.031353 1
0.036687 1
0.029834 1
0.037385 1
0.030672 1
0.031589 1
0.036033 1
0.031761 1
0.033334 1
0.037076 1
0.029636 1
0.033364 1
0.033925 1
0.033165 1
0.033923 1
0.033349 1
0.031115 1
0.036563 1
0.029301 1
0.035734 1
0.029010 1
0.034636 1
0.031821 1
0.032700 1
0.033246 1
0.035597 1
0.029909 1
0.033395 1
0.035991 3
0.030727 234
0.032859 2
0.034546 2
0.032355 2
0.457669 6
0.289294 6
0.205067 6
0.574516 303
0.155330 8
0.169404 8
0.169498 7
0.168433 8
0.178929 8
0.186930 7
0.163142 8
0.173564 8
0.188302 7
0.210580 8
0.349156 8
0.760591 26
0.907760 46
0.009942 88
12.177150 17
0.255828 27
0.005386 60
0.000758 88
26.661034 27
0.569208 47
0.004039 88
9.595195 30
1.353574 43
6.122328 75
0.716873 209
0.004046 38
0.000817 88
9.767162 97
3.628666 155
5.357344 1
1.339499 1
0.513911 1
0.027981 1
0.034598 1
0.033272 1
0.035563 1
0.029996 1
0.036102 1
0.030987 1
0.035127 1
0.030326 1
0.035538 1
0.030569 1
0.033361 1
0.031751 1
0.037555 1
0.032653 1
0.033045 1
0.034649 234
0.027778 1
0.034351 1
0.044180 1
0.021370 1
0.033230 1
0.033194 1
0.033012 1
0.034187 1
0.033185 1
0.033112 1
0.033034 1
0.031054 1
0.032562 1
0.035907 1
0.035782 1
0.032758 1
0.034938 1
0.033098 1
0.032510 1
0.035765 1
0.031026 1
0.034174 1
0.031249 1
0.034211 1
0.033562 1
0.029871 1
0.033305 1
0.035994 1
0.229159 1
0.354695 1
1.090295 203
0.576224 14
0.000129 52
0.000144 88
78.863755 20
0.679844 33
0.021681 88
16.653550 62
3.804997 129
0.825670 4
0.192218 4
0.163497 4
0.176552 4
0.154394 4
0.188732 4
0.172476 4
0.174318 4
0.177813 4
0.178331 4
0.195417 4
0.208001 4
0.210508 4
0.214022 4
0.215992 4
0.286095 4
14.071887 37
2.780735 49
0.006017 145
12.583278 17
0.139550 27
0.009431 575
0.013851 55
0.000730 88
9.461869 27
0.576462 47
0.005304 88
6.831054 97
0.239026 165
0.016418 88
8.053311 98
0.199909 169
