0.032654 114
10.827496 70
1.701883 154
0.516257 1
0.031340 1
0.038620 1
0.029952 1
0.030679 1
0.033682 1
0.031279 216
0.032999 1
0.267447 1
0.522015 1
0.027588 1
0.025080 1
0.034411 1
0.036299 1
0.599977 2
0.877569 6
0.409041 203
0.164900 197
0.769181 195
0.184559 198
0.216661 201
0.181477 204
0.216114 207
0.175622 210
0.185089 213
0.169783 216
0.218897 14
0.025257 373
1.015382 33
1.009927 31
1.005845 31
0.235462 46
0.000381 79
0.000219 114
10.781291 38
0.771638 69
0.000021 75
0.000297 114
8.254336 26
0.575475 45
0.684524 43
0.013608 114
5.866279 36
0.594081 65
0.013944 9
0.001572 114
13.145609 85
0.735473 179
0.479648 45
2.802880 36
2.081540 282
0.001317 47
0.004401 47
0.522743 101
0.101879 46
0.099535 46
0.197868 46
0.100334 46
0.099955 46
0.198187 56
0.000624 48
0.101304 114
0.100177 114
0.098279 56
0.102250 104
0.098514 56
0.099849 56
0.099503 56
0.100010 56
0.101258 56
0.100082 112
0.099234 112
0.098327 112
0.100635 112
0.099640 112
0.100263 112
0.099800 56
0.000023 56
0.100825 112
0.099439 112
0.099624 102
0.007054 42
0.092749 56
0.005715 42
0.094337 56
0.011697 44
0.001193 42
0.087380 56
0.007099 44
0.092838 56
0.002316 42
0.001010 42
0.002672 42
0.001951 44
0.091714 56
0.001232 42
0.001674 42
0.001527 42
0.096055 56
0.099648 46
0.000946 42
0.099988 42
0.100280 42
0.098872 42
0.100458 42
0.100205 42
0.099907 42
0.035080 130
0.164882 66
0.248354 114
12.788906 18
0.671119 29
0.475762 444
0.003933 114
7.520268 34
0.568808 55
0.023633 197
0.001188 114
6.263784 21
0.532377 33
0.018041 25
0.000616 114
12.871688 71
0.546817 175
6.807278 31
0.670248 50
7.871447 1
0.202332 1
1.444445 1
0.916114 4
0.483646 1
0.218131 1
0.237243 21
6.042944 1
0.173214 1
0.236498 21
10.813919 11
0.001338 17
0.002312 2
0.000335 114
7.633352 31
0.517006 55
0.035038 2578
0.002496 114
5.996400 18
0.391784 29
0.674346 468
0.003233 114
287.318106 30
0.545641 53
0.031392 522
0.000255 480
0.000893 114
8.969293 28
0.562319 49
0.010993 1602
0.000054 1696
0.000872 114
9.830921 70
0.588001 164
0.512929 55
0.005987 114
6.195169 24
0.558153 41
0.075532 27
3.204918 2
0.317245 22
0.123276 169
0.025127 81
0.127054 81
0.008921 240
0.015126 81
0.000882 81
0.024673 81
0.464566 235
0.068793 166
0.096467 67
0.042180 210
0.501815 78
0.223199 114
0.106601 70
0.009617 34
0.087532 101
0.000066 43
0.021505 45
0.143928 70
0.121682 177
0.018538 67
0.066208 219
0.501065 77
0.296633 439
0.053383 321
0.033642 245
0.000281 243
0.227045 150
0.000032 81
0.090212 151
0.000026 81
0.059011 152
0.000254 81
0.005054 81
0.000048 119
0.000605 70
0.244490 321
0.002960 395
0.004332 400
0.001672 352
0.003522 220
0.010217 240
0.031706 324
0.003773 380
0.001598 326
0.217904 152
0.000216 81
0.061493 152
0.000164 81
0.119267 152
0.000051 81
0.006344 152
0.000351 81
0.062794 152
0.000188 81
0.006571 152
0.000283 81
0.002309 152
0.302406 370
0.000206 81
0.457744 979
0.001327 380
0.001578 322
0.000098 570
0.000964 142
0.054494 210
0.172636 141
0.000207 81
0.000594 141
0.000234 81
0.006197 141
0.000170 81
0.003598 141
0.000242 81
0.000700 141
0.000114 81
0.000442 141
0.000193 81
0.005849 141
0.000230 81
0.002365 141
0.000199 81
0.000433 141
0.000240 81
0.005895 141
0.034237 634
0.003574 141
0.000377 81
0.008224 141
0.292089 238
0.001342 457
0.000822 81
0.001504 141
0.000297 81
0.000338 141
0.009059 259
0.000419 130
0.001126 179
0.000441 47
0.001391 196
0.298839 81
0.000055 310
0.004729 398
0.007487 472
0.227373 81
0.000231 149
0.037688 81
0.000362 151
0.041447 81
0.000128 149
0.010710 81
0.501285 81
0.426243 327
0.000080 146
0.087834 560
0.001644 395
0.000037 81
0.367503 81
0.000120 81
0.145349 81
0.002023 81
0.001243 81
0.000253 81
0.001567 81
0.000319 81
0.000237 189
3.215133 2
0.709790 29
0.007943 29
0.005709 29
0.002851 29
0.012960 29
0.055604 29
0.000469 29
0.008338 29
0.000263 29
0.637491 30
0.148110 30
0.001046 30
0.124135 30
0.000229 30
0.004843 30
0.000435 30
0.000985 30
0.000511 30
0.019485 30
0.000699 30
0.006534 60
0.091287 60
0.017262 60
0.083621 60
0.014522 60
0.131927 2
0.007187 2
0.000212 114
12.379032 24
0.663721 41
0.151644 22
0.110307 159
0.099549 81
0.268360 264
0.104149 81
0.100963 243
0.119928 56
0.083344 195
0.022572 139
0.077695 22
0.084710 38
0.130457 29
0.013486 29
0.006535 58
0.011693 29
0.061695 58
0.012176 58
0.631085 30
0.534075 30
0.000065 30
0.129191 60
0.009088 60
0.001353 60
0.027683 60
0.005176 60
0.018964 30
0.091525 60
0.026471 60
0.071434 60
0.009656 60
0.126020 60
0.034010 60
0.001954 60
0.001413 60
0.002630 30
0.010142 30
0.000579 60
0.002777 60
0.000611 60
0.000172 60
0.001441 60
0.031994 60
0.015012 60
0.027188 60
0.014268 30
0.000388 30
0.060778 60
0.035774 30
0.012515 30
0.001014 60
0.094681 30
0.001915 30
0.107222 33
0.035780 64
0.000493 32
0.054175 66
0.323288 70
0.011550 33
0.002144 37
0.045433 71
0.020993 114
13.636531 30
0.518283 53
0.045510 29
0.041728 64
0.020893 64
0.125140 66
0.467306 103
0.001547 37
0.739794 54
0.007074 32
0.003668 42
0.275247 47
0.004221 37
0.122310 65
0.076911 133
1.773298 2
0.012714 22
0.501295 34
0.125701 185
0.501699 49
0.184087 63
0.323963 185
0.001154 236
0.501937 40
0.117493 104
0.640954 16
0.057375 83
0.021862 181
0.000023 104
0.022136 26
0.026258 26
0.025193 26
0.024097 26
0.026878 26
0.029221 26
0.040743 26
0.029112 26
0.034801 100
0.003550 170
0.011570 101
0.006627 53
0.041644 101
0.054655 65
0.007413 175
0.008318 58
0.030458 101
0.050151 47
0.007300 159
0.008414 36
0.068830 101
0.070872 54
0.032093 101
0.009771 101
0.010231 59
0.013205 101
0.007542 101
0.010725 37
0.010177 101
0.010241 101
0.011393 53
2.690953 57
0.176138 56
0.301233 20
0.104140 114
82.138467 18
0.737912 29
0.071016 114
2.616178 1
0.157224 1
0.302532 1
0.415541 1
0.516972 1
1.532105 1
0.193002 1
0.152199 11
0.004208 193
0.000721 114
7.013687 1
0.249866 1
0.717743 1
0.243029 1
0.429232 1
0.237967 1
0.158290 1
0.331950 1
0.218999 11
0.724159 90
0.000786 114
8.475324 29
0.730815 51
0.756513 35
40.496609 48
0.743926 2
0.000962 94
11.285239 2
0.310773 183
0.024004 114
36.428947 29
0.710083 51
0.419209 35
9.683887 40
0.599289 2
0.000231 76
1.064500 2
0.338714 23
0.012087 114
117.358052 1
0.198048 1
0.285303 1
0.222235 1
0.303100 1
0.713444 1
7.509533 1
0.564473 1
0.691301 1
0.385386 1
0.465241 11
0.042887 659
0.000058 380
0.002188 114
5.980363 1
0.171542 1
0.510719 1
0.357121 1
0.260525 1
0.239968 1
0.193476 1
1.030186 1
0.162802 1
0.209424 11
0.013300 114
24.089272 50
0.317463 85
0.019636 42
0.001113 222
0.000656 114
11.369780 29
0.810762 51
0.396454 35
7.607723 40
0.368955 2
0.000393 76
0.936704 2
0.328500 176
0.000198 153
0.000122 42
0.000724 64
0.003065 32
0.000993 96
0.000124 32
0.000690 40
0.000559 28
0.000183 28
0.000370 28
0.000295 28
0.003479 28
0.001138 141
0.575993 1934
0.001795 241
0.004692 114
26.062553 29
0.387995 51
0.473947 35
19.670898 16
0.000145 16
0.000292 16
1.455236 2
0.000535 94
14.050274 2
0.357312 183
0.006027 114
12.707323 29
0.685150 51
0.425705 35
17.395574 29
0.736573 2
0.000563 67
8.154050 2
0.348460 118
0.000053 58
0.000039 29
0.000240 166
0.000910 64
0.001761 32
0.000886 64
0.000252 32
0.000241 32
0.000472 40
0.000439 28
0.000181 28
0.000250 56
0.002462 28
0.000975 87
0.000208 54
0.593736 193
0.000044 1741
0.001880 241
0.004239 114
73.371219 29
0.590770 42
0.000028 9
0.374269 35
7.949122 16
0.000412 16
0.004325 8
0.635362 2
0.000405 76
1.080475 2
0.291404 89
0.000019 58
0.000136 58
0.000041 29
0.000051 29
0.000029 29
0.000033 37
0.000131 42
0.000287 64
0.001268 32
0.000552 96
0.000148 32
0.000435 40
0.000630 28
0.000128 28
0.000128 28
0.000234 28
0.002116 28
0.001261 141
0.489450 1934
0.001508 151
0.000022 90
0.011686 114
99.425891 32
0.757822 57
0.008247 114
65.375357 96
0.441291 105
0.028132 67
0.000599 222
0.001623 114
7.526246 29
0.451491 51
0.448127 35
158.764139 15
1.119786 2
0.000349 51
9.846182 2
0.473085 60
0.000063 87
0.000264 145
0.000020 35
0.000014 44
0.000698 64
0.001951 32
0.001317 64
0.000059 32
0.000255 32
0.001008 40
0.000781 28
0.000320 28
0.000495 56
0.006182 28
0.001340 28
0.000067 114
0.587874 2085
0.001334 241
0.009351 114
346.136774 29
0.632533 51
0.359216 35
14.846582 16
0.991320 3
0.852512 2
0.000719 51
8.248457 2
0.366526 176
0.000357 116
0.000175 79
0.000434 64
0.002732 32
0.001101 128
0.000773 40
0.000896 28
0.000057 28
0.000464 28
0.000670 28
0.004942 28
0.001241 28
0.000516 114
0.596630 2075
0.000082 355
14.601795 29
2.169792 51
0.422804 35
5.373733 16
0.001764 16
0.007192 8
0.635320 2
0.000298 76
0.871068 2
0.289856 60
0.000060 116
0.002155 29
0.000287 166
0.000480 64
0.002081 32
0.001205 64
0.000216 64
0.000560 40
0.000678 28
0.000198 28
0.000345 28
0.000205 28
0.005239 28
0.001309 28
0.000340 114
0.585530 1494
0.000110 581
0.001455 241
0.003811 114
71.993911 32
0.658797 57
0.005298 114
15.110788 40
0.731716 71
0.048066 62
0.000294 13
0.000571 58
0.000458 41
0.000629 388
0.001039 582
0.000121 1179
0.000025 2391
0.000004 50.000206 2446
06.866240 1966.866342 330
4.448324 6
0.000120 28
0.791676 34
0.410633 34
2.018576 34
0.846059 6
0.000027 237
0.001017 2219
0.000084 889
1.503046 30
8.269513 331
2.446612 34
0.874866 34
0.429053 34
0.559944 34
0.310233 243
0.000231 41
1.502005 46
3.461103 21
0.257016 21
0.199442 18
0.000037 3
0.524639 21
0.024380 18
0.000022 3
0.037625 21
0.030392 18
0.000021 3
0.033739 21
0.033822 21
0.036050 21
0.029022 21
0.034930 21
0.033170 18
0.000053 3
0.032969 21
0.033445 21
0.033643 21
0.030131 18
0.000014 3
0.040190 32
0.029493 21
0.032725 18
0.000008 3
0.032826 21
0.034791 21
0.031739 21
0.036606 21
0.029394 21
0.033520 21
0.034208 18
0.000206 3
0.030029 21
0.035479 21
0.037895 21
0.028758 21
0.033455 21
0.031639 18
0.000007 3
0.035765 21
0.033139 18
0.000016 3
0.034300 21
0.029551 21
0.041450 21
0.024056 21
0.035583 21
0.032360 18
0.000020 3
0.033865 18
0.000013 3
0.034517 18
0.000115 3
0.033817 21
0.032513 21
0.037807 21
0.027037 21
0.033669 69
0.032475 21
0.034406 21
0.033800 21
0.058410 21
0.026938 21
0.013227 19
0.031362 123
0.050840 6
0.000681 13
1.165446 19
0.471374 19
0.620709 19
0.270727 19
0.296886 19
0.395253 68
1.124740 34
0.000475 20
0.522666 21
0.025680 21
0.033859 21
0.034121 31
0.029249 21
0.033345 6
0.000085 82
0.041547 21
0.026853 21
0.032103 21
0.036420 6
0.000021 15
0.032768 6
0.000060 15
0.044102 21
0.021574 6
0.000113 15
0.028413 21
0.032396 6
0.000090 15
0.033255 21
0.033943 18
0.000094 3
0.038153 21
0.032148 21
0.030041 21
0.040692 21
0.025272 21
0.039318 21
0.037096 21
0.024556 6
0.000228 15
0.031967 21
0.038355 21
0.029637 21
0.031802 18
0.000022 3
0.031246 18
0.000082 3
0.038729 21
0.029144 21
0.037487 21
0.035219 21
0.025190 6
0.000020 15
0.038668 21
0.034114 21
0.036872 21
0.031445 6
0.000021 13
0.000150 2
0.026711 21
0.032854 21
0.045862 6
0.000223 15
0.018277 21
0.044719 18
0.000210 3
0.028430 18
0.000122 3
0.033135 18
0.000066 3
0.031521 21
0.033647 6
0.000022 15
0.035085 21
0.031023 21
0.032068 6
0.000092 15
0.035670 21
0.032835 21
0.030637 21
0.037630 18
0.000153 3
0.027169 21
0.036988 21
0.032163 21
0.033058 21
0.033613 21
0.029033 21
0.038511 21
0.032163 19
0.031204 21
0.036582 18
0.000062 3
0.030313 21
0.033054 19
0.029411 21
0.039862 21
0.032163 21
0.030338 21
0.041014 18
0.000083 3
0.022642 21
0.040258 21
0.025958 22
0.033190 6
0.000257 180
0.034253 21
0.034899 21
0.039233 21
0.029356 21
0.032947 21
0.035280 6
0.000274 15
0.032483 21
0.031542 21
0.036945 6
0.000064 15
0.034008 21
0.028117 6
0.000068 15
0.034114 21
0.032227 21
0.028707 21
0.034583 21
0.037661 21
0.030529 6
0.000087 142
0.031395 21
0.034741 21
0.036074 21
0.030739 21
0.033754 21
0.044027 21
0.021324 21
0.031986 21
0.036274 6
0.000022 15
0.038269 21
0.029521 21
0.036407 21
0.028585 21
0.036707 21
0.027491 21
0.031796 6
0.000061 15
0.038351 21
0.032483 6
0.000008 15
0.037336 6
0.000050 15
0.026651 21
0.035092 6
0.000044 15
0.031430 6
0.000021 12
0.000156 3
0.032721 6
0.000146 15
0.037694 19
5.443967 6
0.000293 46
1.980945 331
0.738949 34
0.219980 34
0.487188 34
0.604441 34
0.512231 243
0.000575 946
0.000014 381
0.000246 1403
1.502790 30
0.248728 69
3.057454 21
0.527743 21
0.022117 21
0.045764 21
0.020316 21
0.040383 18
0.000201 3
0.034721 18
0.000009 3
0.034254 21
0.044435 21
0.014236 21
0.033956 21
0.036979 21
0.028513 21
0.037805 21
0.032727 21
0.033464 21
0.036479 18
0.000031 3
0.024870 21
0.047017 21
0.013305 18
0.000050 3
0.037814 21
0.037259 21
0.032818 21
0.029430 21
0.038773 79
0.027873 21
0.045691 21
0.022709 21
0.041601 21
0.030057 21
0.028547 21
0.026117 21
0.036873 21
0.043981 21
0.029023 21
0.038871 21
0.022252 21
0.036080 21
0.029279 21
0.035183 21
0.046659 167
0.024633 19
0.035580 19
0.021177 19
0.051419 19
0.872976 19
0.210819 19
0.205427 19
0.190416 19
0.825097 6
0.000312 271
0.508235 110
0.038584 111
0.035811 112
0.034788 113
0.024834 114
0.032573 115
0.039700 18
0.000016 98
0.026917 117
0.038089 118
0.027607 6
0.000163 113
0.032625 120
0.039209 121
0.029960 6
0.000167 115
0.030957 6
0.000280 113
0.032215 120
0.034734 152
0.029265 41
0.037351 6
0.000019 35
0.033205 45
0.032519 46
0.034778 47
0.033367 51
0.032132 52
0.039935 53
0.024244 54
0.035714 55
0.032254 56
0.033312 57
0.030917 74
0.035602 75
0.029347 75
0.047481 77
0.025107 78
0.038894 79
0.028821 80
0.032202 80
0.034018 82
0.027488 83
0.038732 84
0.030680 85
0.034371 6
0.000020 80
0.029807 87
0.030673 6
0.000007 82
0.038629 89
0.033488 90
0.040780 96
0.027100 76
0.032475 77
0.036384 78
0.029961 79
0.034918 80
0.034886 6
0.000008 75
0.030263 19
0.000283 63
0.030953 83
0.030398 18
0.000059 66
0.031361 85
0.034983 6
0.000203 80
0.036886 87
0.033389 88
0.029344 89
0.030178 90
0.042216 91
0.027149 92
0.042696 93
5.159322 331
1.484210 34
0.487696 34
0.380491 34
0.546587 34
0.412846 243
0.000929 41
1.502684 46
0.058088 70
1.587579 19
0.510905 19
0.038249 18
0.000043 1
0.028634 19
0.038165 19
0.033056 18
0.000018 1
0.030558 19
0.037558 19
0.032594 19
0.029399 18
0.000042 1
0.031240 19
0.044970 18
0.000018 1
0.020584 19
0.033462 19
0.035236 19
0.031607 19
0.034113 19
0.035670 19
0.028964 19
0.035662 19
0.030685 19
0.040752 19
0.031236 19
0.026512 18
0.000027 1
0.034979 19
0.032556 19
0.035708 18
0.000007 1
0.032540 72
0.033614 19
0.036613 19
0.036215 19
0.519073 19
0.281432 18
0.000380 1
0.502233 19
0.043110 19
0.031366 19
0.025991 19
0.035960 19
0.028098 18
0.000052 1
0.037874 19
0.034147 19
0.032449 19
0.035953 19
0.217209 19
0.241312 19
0.209388 18
0.000046 1
0.181851 19
0.196615 19
0.179534 6
0.000198 13
0.174858 19
0.192886 19
0.252432 19
0.276549 19
0.602098 21
0.518972 21
0.034423 21
0.031862 21
0.032735 6
0.000047 15
0.034803 21
0.031250 21
0.033276 21
0.033117 21
0.041553 6
0.000047 15
0.038115 18
0.000043 3
0.018590 6
0.000091 15
0.030273 18
0.000096 3
0.033419 21
0.035613 21
0.037431 21
0.030183 21
0.037995 21
0.037807 21
0.027996 21
0.032053 21
0.030720 21
0.033201 21
0.034720 18
0.000057 3
0.031597 21
0.029745 132
0.034982 21
0.046548 21
0.023689 21
0.033425 21
0.024737 21
0.038334 21
0.035199 19
0.000035 2
0.029837 18
0.000046 3
0.034785 21
0.036564 21
0.030449 21
0.030832 21
0.039336 21
0.032071 19
0.000016 2
0.029739 21
0.033658 21
0.034398 21
0.036566 21
0.027372 21
0.044707 21
0.020662 6
0.000210 15
0.039982 21
0.026793 21
0.033089 21
0.038992 21
0.029292 21
0.031318 21
0.033298 21
0.032575 18
0.000057 3
0.032488 21
0.036123 21
0.031084 21
0.041909 21
0.024278 18
0.000007 3
0.044201 21
0.031709 19
0.022958 21
0.033144 21
0.030633 21
0.039116 19
0.029208 21
0.035131 21
0.033276 21
0.033786 21
0.035568 21
0.031199 21
0.032220 21
0.033031 21
0.032142 21
0.033143 19
0.035113 21
0.035355 21
0.030492 21
0.034915 21
0.031176 21
0.034730 18
0.000038 3
0.033049 21
0.032001 18
0.000404 3
0.038611 23
0.026961 21
0.035351 21
0.035753 21
0.029026 21
0.035799 21
0.031360 21
0.031837 21
0.037910 22
0.031910 6
0.000993 129
0.033290 21
0.029733 21
0.033079 21
0.035793 21
0.031053 19
0.033686 19
0.000041 2
0.036808 21
0.028075 21
0.033138 21
0.037496 6
0.000187 15
0.034871 6
0.000080 15
0.023293 6
0.000056 13
0.034874 6
0.000021 15
0.031092 21
0.033869 18
0.000022 116
0.033824 6
0.000148 15
0.035751 6
0.000143 13
0.036952 18
0.000244 3
2.709109 6
0.000448 206
1.462638 110
0.377130 14
0.000075 18
5.296718 331
2.352390 6
0.000079 28
0.370883 34
0.326566 34
0.846669 34
0.329565 243
0.000633 1930
1.502310 30
2.056217 18
0.000018 5
1.656838 19
0.512854 19
0.029868 19
0.034485 19
0.034945 19
0.035195 18
0.000159 1
0.030178 19
0.034169 19
0.034235 19
0.029426 18
0.000033 1
0.033990 19
0.039858 19
0.040569 19
0.017986 19
0.041008 19
0.031956 18
0.000019 1
0.026677 19
0.034453 32
0.035298 19
0.028987 19
0.041959 18
0.000019 1
0.026057 19
0.033930 19
0.038684 18
0.000017 1
0.029391 18
0.000022 1
0.032204 19
0.028252 18
0.000008 1
0.033370 19
0.035657 19
0.033358 19
0.036910 19
0.034757 19
0.034509 19
0.025985 19
0.035318 19
0.028611 19
0.032498 19
0.033524 18
0.000018 1
0.035609 19
0.197315 19
0.217485 18
0.000041 1
0.197522 19
0.195354 19
0.191743 19
0.225829 19
0.248836 19
0.256813 61
0.970005 21
0.509874 21
0.035529 21
0.032141 21
0.031686 18
0.000124 3
0.036462 21
0.037286 6
0.000390 15
0.026134 21
0.037342 21
0.033212 21
0.031613 21
0.029474 21
0.035337 21
0.039845 21
0.029553 21
0.036836 21
0.028507 148
0.031065 21
0.033242 21
0.041835 21
0.029113 21
0.032060 21
0.033657 21
0.030364 21
0.035415 21
0.028834 21
0.033203 19
0.000054 2
0.034309 21
0.034618 21
0.033224 21
0.040582 21
0.027630 21
0.030416 21
0.032259 21
0.033913 21
0.033461 21
0.033741 19
0.000029 2
0.034080 6
0.000267 15
0.030237 21
0.034136 21
0.036852 19
0.031669 21
0.033494 21
0.030345 21
2.647009 331
1.094537 34
0.578647 34
0.353731 34
0.513783 34
0.370912 243
0.000692 41
1.503144 46
0.415665 23
0.562124 19
0.513874 18
0.000016 1
0.035817 19
0.030284 19
0.031187 19
0.034234 18
0.000017 1
0.035603 19
0.031610 19
0.030621 19
0.035557 18
0.000016 1
0.033885 19
0.031530 19
0.039201 19
0.028360 19
0.030586 18
0.000048 1
0.267395 19
0.270246 18
0.000079 1
0.197468 19
0.200788 18
0.000207 1
0.203716 19
0.204628 19
0.359402 19
0.249142 68
0.891182 19
0.510120 21
0.031808 21
0.034637 21
0.031277 31
0.029493 21
0.036273 88
0.036120 21
0.034488 21
0.031367 18
0.000316 3
0.033690 21
0.030381 18
0.000046 3
0.033208 21
0.035057 19
0.000017 2
0.032047 21
0.034808 21
0.039169 18
0.000075 3
0.042844 21
0.019043 21
0.025289 21
0.042397 21
0.028653 21
0.033610 21
0.034331 21
0.032791 21
0.032886 21
0.029449 21
0.037898 18
0.000046 3
0.030077 21
0.032464 21
0.033006 21
0.034530 21
0.034117 21
0.032906 21
0.035075 21
0.029564 21
0.034664 21
0.036592 21
0.028418 21
0.039123 21
0.028988 21
0.042494 21
0.024567 19
0.000018 2
0.031753 21
0.033748 21
0.032915 21
0.032051 21
0.038130 21
0.032834 18
0.000143 3
0.030718 21
0.033146 21
0.035381 21
0.029490 21
0.033209 21
0.033811 21
0.032336 21
0.038759 18
0.000031 3
0.026412 21
0.036404 21
0.027574 21
0.037096 21
0.031762 21
0.051909 18
0.000038 3
0.015910 18
0.000023 1
0.029149 21
0.036352 21
0.034768 21
0.037493 19
0.028246 21
0.031859 21
0.033459 21
0.036725 21
0.035479 21
0.032322 21
0.028939 18
0.000017 3
0.036507 18
0.000014 4
0.030101 6
0.000787 146
0.031134 45
0.033661 21
0.034295 6
0.000178 15
0.039978 21
0.026060 21
0.037639 18
0.000134 3
0.027498 21
0.033105 21
0.035207 21
0.032132 6
0.000046 15
0.036090 21
0.031032 21
0.035535 18
0.000042 3
0.030040 21
0.034745 21
0.034955 18
0.000020 3
0.030631 21
0.033542 21
0.034815 19
0.038965 21
0.026577 21
0.031644 21
2.099944 18
0.000264 3
0.243303 21
0.236074 21
0.426551 21
0.640749 21
0.513180 21
0.032580 18
0.000029 3
0.042688 21
0.024091 21
0.034101 21
0.039119 21
0.025872 18
0.000011 3
0.034112 21
0.034128 21
0.034954 21
0.040132 21
0.025231 21
0.029373 21
0.033701 18
0.000021 3
0.033385 21
0.033981 21
0.045764 21
0.022685 18
0.000103 3
0.031998 21
0.035873 21
0.033336 21
0.015081 21
0.235169 25
0.683317 21
0.281345 26
0.436155 26
1.225768 21
2.393519 220
0.000081 111
0.546897 34
0.358484 34
0.281173 34
0.532245 34
0.333492 6
0.000290 237
0.000506 668
1.502968 30
0.036659 23
0.424496 19
0.513816 19
0.029322 19
0.030754 19
0.036053 19
0.029240 19
0.036031 19
0.030939 19
0.038807 19
0.027845 18
0.000020 1
0.036058 19
0.033757 19
0.028688 19
0.042142 19
0.024601 19
0.034488 19
0.029539 6
0.000070 12
0.000055 1
0.035075 19
0.034112 19
0.030874 19
0.034536 19
0.033783 19
0.031681 19
0.035500 19
0.033067 19
0.037689 19
0.030845 19
0.030782 19
0.039095 19
0.026131 19
0.032129 19
0.034366 19
0.040386 19
0.032897 19
0.033878 19
0.032384 19
0.028264 19
0.031021 18
0.000059 1
0.033813 19
0.032440 19
0.038626 19
0.034790 19
0.032911 19
0.028994 19
0.312678 19
0.269692 19
0.387887 61
0.823293 19
0.000083 2
0.513898 18
0.000331 3
0.036680 21
0.030546 21
0.034001 21
0.032611 6
0.000023 15
0.029637 18
0.000187 3
0.030939 18
0.000068 3
0.036450 6
0.000208 15
0.032912 21
0.037654 21
0.031543 21
0.030683 21
0.035574 21
0.028769 21
0.035061 21
0.036048 148
0.029167 21
0.038611 21
0.030509 21
0.031271 21
0.031717 21
0.032792 6
0.000057 15
0.033727 21
0.032127 19
0.000053 2
0.034413 19
0.000019 2
0.033620 21
0.038458 21
0.028825 21
0.032890 21
0.032466 21
0.031593 21
0.035580 21
0.030993 18
0.000351 3
0.042040 21
0.024513 6
0.000057 15
0.036040 21
0.034129 21
0.027805 21
0.035408 6
0.000319 15
0.032515 6
0.000073 13
0.031825 21
0.035811 21
1.988213 331
1.284814 34
0.743672 34
0.345109 34
0.456643 34
0.311909 243
0.000628 41
1.503114 46
0.451529 23
0.435326 19
0.520640 19
0.027972 19
0.032124 19
0.032665 19
0.033732 19
0.033081 19
0.035671 18
0.000043 1
0.034104 19
0.029837 19
0.034468 19
0.030949 19
0.033590 19
0.032555 19
0.038048 19
0.032443 19
0.032727 19
0.033161 19
0.297901 19
0.265265 19
0.312130 19
0.280476 19
1.012446 6
0.000725 225
0.521452 58
0.026680 23
0.035900 23
0.027918 23
0.033268 23
0.034416 23
0.033759 114
0.036034 25
0.033252 27
0.032107 6
0.000062 23
0.030862 30
0.032781 31
0.032649 6
0.000345 29
0.034771 36
0.032932 37
0.037903 38
0.875564 39
0.512566 18
0.000143 22
0.031061 6
0.000152 35
0.040143 42
0.028736 43
0.031432 44
0.032689 45
0.033787 46
0.034760 47
0.032921 48
0.035006 49
0.031082 18
0.000018 32
0.031870 18
0.000057 33
0.033558 52
0.033075 53
0.034994 18
0.000018 36
0.036531 56
0.032386 23
0.029137 23
0.035136 23
0.031487 23
0.032386 23
0.035050 23
0.032626 18
0.000192 5
0.037710 23
0.028541 23
0.034420 23
0.033273 23
0.038357 18
0.000155 5
0.023969 23
0.034474 18
0.000048 5
0.036191 23
0.033084 23
0.030531 23
0.035913 23
0.030780 23
0.034565 23
0.030527 23
0.032750 25
0.035435 23
0.029255 6
0.000086 17
0.036921 23
0.035242 23
0.208336 25
0.232251 23
0.216815 18
0.000302 5
0.296140 6
0.000060 17
1.155307 331
0.675239 6
0.000173 28
0.218853 34
0.310047 34
0.552409 34
0.326271 52
0.001107 314
6.943017 245
0.000019 115
0.864534 19
2.899643 19
2.588187 19
0.696443 19
0.583688 58
0.000106 281
0.757576 104
0.000043 8
0.975173 6
0.000219 28
3.225513 197
2.487205 19
0.529237 19
1.286222 342
1.873438 19
2.396587 19
2.041260 339
0.575830 197
2.960937 19
1.316697 263
0.000415 79
2.684949 50
0.000235 289
0.472614 197
1.248979 19
0.446740 19
1.161647 19
0.378243 19
0.324211 19
0.184631 19
0.213539 19
0.169738 19
0.196742 7
0.000017 12
0.185983 19
0.182496 19
0.192012 19
0.194338 19
0.175400 19
0.296250 19
1.813539 19
0.293999 7
0.000038 12
0.208173 19
0.196908 19
0.176663 19
0.174533 19
0.194406 19
1.227093 19
2.231290 7
0.000047 12
0.474119 19
44.464816 263
0.001274 79
1.270950 6
0.000081 87
1.498817 179
2.865197 6
0.002386 45
0.008781 70
0.000849 61
0.001343 114
9.138989 121
0.467339 218
0.022659 60
0.001358 222
0.386980 35
20.496411 15
0.731226 53
11.585081 2
0.323353 205
0.000134 166
0.000558 64
0.004501 32
0.003175 128
0.000467 40
0.000323 56
0.000143 56
0.011695 28
0.003617 142
0.660228 3112
0.002020 241
0.004120 114
57.697148 32
0.674279 57
0.004551 114
4.659631 103
0.516012 197
0.016251 114
9.278334 91
0.359270 97
435 19
0.000059 2
0.033600 21
0.038296 18
0.000064 3
0.028868 6
0.000027 15
0.032857 6
0.000049 15
0.032386 18
0.000039 3
0.031495 21
0.035511 18
0.000059 3
0.031103 18
0.000367 3
0.041880 6
0.000023 15
0.024387 6
0.000203 15
0.036077 18
0.000054 3
0.034053 18
0.000045 3
0.027890 21
0.035287 6
0.000213 15
0.032609 6
0.000225 13
0.031732 6
0.000049 15
0.035766 21
1.988157 220
0.000041 111
1.284849 34
0.743648 34
0.344945 34
0.456870 34
0.311796 107
0.000064 136
0.000688 41
1.502698 46
0.451885 23
0.435377 19
0.520558 19
0.027938 18
0.000065 1
0.032130 19
0.032691 18
0.000050 1
0.033618 19
0.033116 19
0.035720 18
0.000056 1
0.034075 19
0.029785 19
0.034520 19
0.031071 19
0.033223 19
0.032744 19
0.037966 19
0.032567 19
0.032742 19
0.033131 19
0.297676 19
0.265295 19
0.312271 19
0.280533 19
1.012379 6
0.000727 109
0.000018 116
0.521522 58
0.026664 6
0.000024 17
0.035705 18
0.000154 5
0.027685 6
0.000060 17
0.033457 6
0.000022 17
0.034318 6
0.000062 17
0.033708 6
0.000021 108
0.035991 6
0.000024 19
0.033286 6
0.000044 21
0.031863 6
0.000254 23
0.030870 30
0.032772 31
0.032434 6
0.000450 29
0.034620 36
0.033147 6
0.000139 31
0.037795 38
0.875653 39
0.512559 18
0.000124 22
0.031053 6
0.000117 35
0.039982 18
0.000073 24
0.028738 6
0.000028 37
0.031141 6
0.000054 38
0.032944 6
0.000054 39
0.033782 18
0.000100 28
0.034708 6
0.000022 41
0.032875 6
0.000023 42
0.034980 18
0.000022 31
0.031096 18
0.000054 32
0.031780 18
0.000079 33
0.033549 18
0.000024 34
0.033017 18
0.000065 35
0.034998 18
0.000060 36
0.036433 56
0.032366 6
0.000047 17
0.029168 23
0.035066 6
0.000019 17
0.031321 18
0.000062 5
0.032501 23
0.034989 23
0.032727 18
0.000072 5
0.037739 6
0.000023 12
0.000062 5
0.028248 6
0.000022 17
0.034657 23
0.033255 6
0.000023 17
0.038328 18
0.000242 5
0.023893 18
0.000035 5
0.034500 18
0.000052 5
0.036066 18
0.000045 5
0.033119 6
0.000022 17
0.030475 18
0.000096 5
0.035717 18
0.000034 5
0.030845 23
0.034607 18
0.000030 5
0.030472 18
0.000025 5
0.032705 25
0.035387 6
0.000027 17
0.029421 6
0.000080 17
0.036770 6
0.000030 17
0.035275 18
0.000027 5
0.208228 25
0.232388 18
0.000039 5
0.216503 18
0.000346 5
0.296320 6
0.000068 17
1.154806 331
0.665905 6
0.000055 28
0.228795 34
0.310070 34
0.552316 34
0.326315 6
0.000047 46
0.001381 314
6.942727 245
0.000068 115
0.864455 19
2.899754 19
2.588095 19
0.696419 7
0.000022 12
0.583669 50
0.000029 8
0.000163 281
0.757435 6
0.000060 98
0.000113 8
0.975145 6
0.000208 28
3.225478 6
0.000062 191
2.487215 19
0.529203 19
1.286146 12
0.000023 161
0.000098 169
1.873377 19
2.396217 19
2.041521 50
0.000024 269
0.000079 20
0.575791 6
0.000048 191
2.950817 19
1.326665 263
0.000274 79
2.685176 50
0.000150 289
0.472628 6
0.000217 191
1.248812 7
0.000060 12
0.446672 7
0.000076 12
1.161521 19
0.378353 19
0.324227 19
0.184556 7
0.000039 12
0.213625 19
0.169596 19
0.196886 7
0.000052 12
0.185725 7
0.000215 12
0.182387 19
0.191994 19
0.194569 19
0.175218 7
0.000021 12
0.296316 19
1.813516 7
0.000060 12
0.293972 7
0.000049 12
0.208072 7
0.000026 12
0.196903 7
0.000022 12
0.176737 19
0.174107 7
0.000096 12
0.194619 19
1.227192 19
2.231183 7
0.000183 12
0.472019 19
44.466621 263
0.001408 79
1.269002 6
0.002061 87
1.498756 179
2.854762 6
0.011575 45
0.010106 70
0.000690 61
0.001379 114
9.139213 121
0.467069 218
0.022592 60
0.001303 222
0.387283 35
20.496428 15
0.731084 2
0.000190 51
11.585047 2
0.323245 147
0.000023 58
0.000211 166
0.000566 64
0.004362 32
0.003141 128
0.000425 40
0.000488 56
0.000164 56
0.011354 28
0.003850 142
0.660285 3112
0.002045 241
0.004108 114
57.697171 32
0.674128 57
0.004726 114
4.649064 103
0.526487 197
0.016351 114
9.278340 91
0.359280 97
