0.037022 114
15.028994 1
0.200466 1
1.367674 1
0.178991 1
0.099642 1
1.189485 1
0.216505 1
0.236031 1
0.351800 7
0.527519 11
0.005487 254
0.000989 114
20.378286 70
1.223564 154
0.507060 1
0.033498 1
0.031773 1
0.034346 1
0.031159 1
0.037218 1
0.032526 216
0.032737 1
0.300317 1
0.269379 1
0.203640 1
0.197942 1
0.189732 1
0.308070 1
0.735259 203
0.188189 197
0.716173 195
0.184766 198
0.421769 201
0.217963 204
0.287422 207
0.217182 210
0.184235 213
0.177574 216
0.233573 14
0.021530 373
1.014102 32
1.012812 31
1.008909 31
1.009542 31
1.009832 32
1.008866 31
1.007869 15
0.000127 16
1.008059 15
0.000053 17
1.009771 31
1.007955 32
1.008118 32
1.016664 31
1.009130 31
1.010265 32
1.013750 31
1.010364 31
1.006858 33
1.009648 31
1.013581 31
1.006900 32
1.017634 32
1.007291 31
1.008543 31
1.008890 32
1.005372 31
1.008707 31
1.007850 32
1.004804 31
1.007218 31
1.007967 35
1.004549 39
1.009145 31
1.005557 32
1.004399 31
1.008044 31
1.014674 32
1.005317 31
1.007556 31
1.005355 32
1.005504 32
1.008453 31
1.008664 32
1.004830 31
1.007748 31
1.008675 31
1.004932 32
1.012264 31
1.013399 31
1.008860 33
1.017392 32
1.007714 31
1.004447 32
1.007440 31
1.011586 7
0.000071 24
1.005077 32
1.007813 31
1.009706 31
1.005192 32
1.007327 32
1.004350 31
1.004678 31
1.008716 32
1.006915 31
1.009511 31
1.007885 32
1.007144 31
1.004653 31
1.009269 32
1.006620 32
1.004870 31
1.007521 32
1.006192 31
1.004882 31
1.009393 32
1.010913 31
1.005339 31
1.009872 32
1.010580 31
1.005140 32
1.011466 31
1.006760 33
1.004863 31
1.006468 31
1.007551 32
1.004366 31
1.008433 31
1.008534 32
1.006966 31
1.010155 34
1.009498 40
1.003806 30
2.718086 46
0.300948 32
1.003438 31
1.003760 31
1.006012 32
1.007506 31
1.007317 32
1.003768 32
1.007678 31
1.009545 31
1.005660 32
1.009364 31
1.009814 31
1.005271 32
1.007968 31
1.007805 31
1.005288 32
1.011430 32
1.004327 31
1.005198 31
1.014148 33
1.009910 31
1.004348 31
1.008483 32
1.007207 31
1.005026 31
1.009459 33
1.007221 31
1.004708 31
1.007911 32
1.011512 31
1.003802 31
1.010398 32
1.011070 31
1.008087 31
1.008147 31
1.007309 33
1.008566 31
1.008801 31
1.009387 32
1.006260 31
1.005730 31
1.004315 32
1.007456 31
1.007707 31
1.008668 32
1.004864 32
1.007514 31
1.009314 32
1.009516 31
1.006301 31
1.003527 33
1.005891 31
1.007139 31
1.007151 31
1.026187 15
0.000014 17
1.008408 34
1.007782 39
1.007468 32
1.007835 31
1.009451 31
1.007332 32
1.009975 31
1.008485 31
1.015776 32
1.008378 31
1.007475 32
1.008555 32
1.008643 31
1.008099 31
1.009743 32
1.007389 31
1.007786 31
1.008451 32
1.008333 25
0.000020 6
1.005279 31
1.008967 32
1.007889 32
1.007541 31
1.007639 31
1.008669 32
1.008706 31
1.006366 31
1.008201 33
1.007610 31
1.010024 31
1.008853 33
1.007983 31
1.006655 31
1.009628 32
1.007975 31
1.015492 31
1.008742 32
1.006864 31
1.009931 31
1.009190 32
1.007713 32
1.009055 31
1.009930 31
1.008327 32
1.008445 31
1.009385 31
1.010450 32
1.009101 31
1.008515 31
1.012136 33
1.009900 31
1.008253 31
1.008183 32
1.008248 31
1.010165 31
1.007058 31
1.009533 32
1.009271 31
1.006591 31
1.013180 79
1.013768 40
1.009582 30
1.003303 30
1.008660 31
1.006517 31
1.005602 31
1.008153 31
1.010095 32
1.008871 31
1.007532 32
1.011357 32
1.004982 31
1.009137 31
1.006509 32
1.010202 31
1.010222 31
1.007984 32
1.009296 31
1.010265 31
1.015810 33
1.006749 31
1.008636 31
1.007831 31
1.008604 32
1.009074 31
1.008710 31
1.008314 32
1.008777 31
1.007350 31
1.005382 34
1.009022 31
1.006924 31
1.009203 32
1.008848 31
1.007892 31
1.010664 32
1.008239 31
1.008658 31
1.007948 32
1.010172 32
1.009512 31
1.005217 31
1.009201 32
1.005127 31
1.011679 31
1.005540 32
1.013741 31
1.004657 31
1.009115 32
1.009787 32
1.008063 31
1.040793 32
1.004795 31
1.006507 31
1.008859 32
1.006942 31
1.007566 31
1.012994 31
1.006572 32
1.012068 34
1.007286 39
1.005202 33
1.006085 31
1.009744 31
1.005227 32
1.007567 31
1.008057 31
1.006766 32
1.004828 31
1.016820 32
1.005171 32
1.007709 31
1.014065 31
1.005069 32
1.005126 31
1.007622 31
1.008028 32
1.008318 31
1.006606 31
1.008027 32
1.010006 32
1.009833 31
1.007685 31
1.009666 32
1.006698 31
1.006127 31
1.010257 32
1.006714 31
1.005157 32
1.005125 15
0.000017 17
1.007867 31
1.005484 31
1.008192 33
1.007871 31
1.007714 31
1.007088 32
1.007356 31
1.004682 31
1.011150 32
1.008241 32
1.004647 31
1.009491 31
1.010028 32
1.005728 31
1.008351 15
0.000021 16
1.008427 32
1.004796 31
1.009615 31
1.008255 33
1.005522 31
1.007893 31
1.008132 32
1.005128 31
1.008345 31
1.007730 32
1.005101 31
1.007529 31
1.007984 31
1.005468 36
1.007713 40
1.007996 31
1.005043 31
1.006238 31
1.006698 31
1.004628 33
1.010005 31
1.004919 31
1.004995 32
1.004311 32
1.003659 31
1.003738 32
1.003704 31
1.003025 31
1.004394 32
1.010304 31
1.008909 31
1.003869 32
1.007250 31
1.007632 32
1.008151 31
1.006946 32
1.009092 31
1.003950 31
1.008142 32
1.009938 31
1.004285 31
1.006067 32
1.006952 31
1.004949 32
1.008873 32
1.007976 31
1.004746 31
1.011977 32
1.008797 31
1.004310 31
1.009046 33
1.011073 31
1.004049 31
1.006869 32
1.009506 32
1.005702 31
1.009074 31
1.008472 32
1.006519 15
0.000013 16
1.011514 31
1.007912 15
0.000019 17
1.014901 31
0.999271 31
1.008440 33
1.005459 31
1.007922 31
1.006711 32
1.005889 31
1.010346 31
1.007887 31
1.006074 32
1.008013 31
1.008347 31
1.005795 35
1.009149 39
1.007681 31
1.004797 32
1.011335 31
1.008984 31
1.005100 32
1.009317 31
1.010759 31
1.007591 33
1.005665 32
1.006869 31
1.004780 32
1.008312 31
1.009401 31
1.004561 32
1.007256 31
1.011643 31
1.004597 32
1.008884 31
1.006158 32
1.004500 31
1.007763 32
1.007571 31
1.004510 31
1.010222 32
1.006804 31
1.014463 31
1.008264 32
1.005139 31
1.004819 32
1.008902 32
1.008446 31
1.006939 31
1.006363 32
1.007396 31
1.010078 31
1.008096 31
1.005214 32
1.006267 31
1.006712 32
1.008039 33
1.007670 31
1.010077 31
1.009118 32
1.003672 31
1.008175 31
1.007556 32
1.008379 31
1.007653 32
1.008439 32
1.008789 31
1.008581 31
1.008352 32
1.008259 31
1.012007 31
1.007110 31
1.009194 32
1.008574 31
1.009440 34
1.009000 40
1.007728 30
1.007371 30
1.007872 31
1.010990 31
1.009547 31
1.008557 32
1.006206 31
1.009152 31
1.012459 33
1.008816 31
1.008744 31
1.008670 33
1.010321 31
1.006478 31
1.007499 32
1.008407 7
0.000024 24
1.008743 31
1.009176 31
1.007920 33
1.010049 31
1.011147 31
1.008087 32
1.010593 31
1.011270 31
1.008974 32
1.009446 31
1.010408 31
1.012138 32
1.008404 32
1.008357 31
1.008224 32
1.008042 31
1.004581 31
1.010859 31
1.007042 32
1.008070 31
1.003717 31
1.007515 32
1.008798 32
1.006821 31
1.007896 32
1.008321 31
1.005851 31
1.007111 33
1.009453 31
1.008481 31
1.007997 32
1.007267 31
1.009382 32
1.007731 32
1.005389 31
1.009263 31
1.007750 31
1.008730 32
1.008904 31
1.008401 31
1.004965 32
1.009340 31
1.006087 34
1.006806 40
1.006874 30
1.012350 30
1.008442 31
1.009022 31
1.004060 31
1.008869 32
1.007763 31
1.009469 31
1.009235 33
1.008864 31
1.008598 31
1.006250 31
1.005045 32
1.007115 31
1.007801 31
1.007969 34
1.007929 31
1.007269 31
1.008921 33
1.007619 31
1.009295 31
1.006950 32
1.007217 31
1.005814 31
1.007163 32
1.004380 31
1.007875 31
1.004738 32
1.004441 32
1.007377 31
1.009842 31
1.006992 32
1.005913 31
1.009217 31
1.007261 32
1.008362 31
1.009771 31
1.004835 32
1.005666 32
1.009698 31
1.006726 32
1.012326 31
1.009088 31
1.008317 32
1.007513 31
1.009555 31
1.008177 33
1.011074 31
1.008006 32
1.008147 31
1.007512 32
1.007547 31
1.009123 31
1.008009 32
1.007172 31
1.009485 31
1.023870 32
1.010447 34
1.009507 39
1.007055 32
1.008561 31
1.009675 31
1.004342 32
1.009859 31
1.007358 31
1.009319 32
1.010616 31
1.004763 32
1.008500 32
1.007792 31
1.004545 31
1.007612 31
1.007547 32
1.005169 31
1.007996 31
1.009450 32
1.004987 31
1.007847 32
1.013093 33
1.005374 31
1.007723 31
1.008601 32
1.005744 31
1.008207 31
1.011234 32
1.005010 31
1.009689 31
1.008334 33
1.004625 31
1.006423 31
1.008834 31
1.005366 32
1.009033 31
1.007059 31
1.003677 32
1.010612 31
1.009013 31
1.005167 33
1.008985 31
1.003479 31
1.005020 32
1.005260 31
1.005131 31
1.003773 32
1.004065 31
1.005061 31
1.003391 31
1.003575 33
1.003717 31
1.009678 31
1.003918 33
1.004725 31
1.004119 31
1.003631 32
1.009131 31
1.006316 31
1.005404 32
1.009214 34
1.009210 39
1.004816 32
1.004417 31
1.006605 31
1.006883 32
1.004387 31
1.007785 31
1.003949 32
1.009046 31
1.006969 32
1.005078 32
1.006646 31
1.005661 31
1.004804 31
1.005733 32
1.007486 31
1.008591 31
1.009623 32
1.009125 31
1.005394 32
1.010282 32
1.009210 31
1.004986 31
1.011226 33
1.010614 31
1.004797 31
1.007376 32
1.007279 31
1.004277 31
1.009017 32
1.007068 32
1.004973 31
1.014508 31
1.006806 32
1.004242 31
1.005051 31
1.007086 32
1.005175 31
1.010963 31
1.011371 33
1.004380 31
1.010926 31
1.007246 32
1.006056 31
1.010983 31
1.007079 32
1.006565 31
1.008871 31
1.005072 31
1.006280 33
1.003876 31
1.005091 31
1.004077 32
1.004062 31
1.004427 31
1.004302 33
1.003603 31
1.006076 31
1.005427 32
1.003942 34
1.009558 39
1.003022 32
1.009054 31
1.004830 31
1.004109 32
1.005896 31
1.009158 31
1.003852 32
1.004695 31
1.006089 32
1.004784 31
1.008154 32
1.009135 31
1.004688 31
1.008717 32
1.004027 31
1.006788 31
1.008749 32
1.004243 32
1.005064 31
1.007346 32
1.006994 31
1.004779 31
1.008959 32
1.006507 31
1.004363 31
1.006767 31
1.004689 33
1.005021 32
1.008590 31
1.008925 32
1.004388 31
1.008241 31
1.010731 32
1.004764 31
1.015126 31
1.005569 32
1.004031 31
1.008915 32
1.004172 32
1.003230 31
1.004832 31
1.007995 32
1.008481 31
1.004204 31
1.005181 31
1.002860 15
0.000435 17
1.006896 31
1.004669 32
1.004886 32
1.010210 31
1.008880 31
1.007901 32
1.008074 31
1.006335 31
1.005157 32
1.004831 31
1.009166 31
1.005290 36
1.008416 39
1.008844 31
1.005177 32
1.007451 31
1.007434 31
1.004059 32
1.004884 31
1.007796 31
1.004754 31
1.008056 33
1.007105 31
1.004831 31
1.003896 32
1.004500 31
1.004692 31
1.003964 32
1.003794 31
1.003850 31
1.009201 32
1.008868 32
1.004456 31
1.003924 32
1.006673 31
1.004254 31
1.008867 32
1.007783 31
1.004935 31
1.004888 31
1.008379 32
1.005464 32
1.006909 31
1.007982 33
1.004550 31
1.004914 31
1.004260 32
1.004754 31
1.009458 31
1.007017 32
1.004729 31
1.008162 32
1.007227 32
1.005604 31
1.007944 31
1.007904 32
1.004090 31
1.004904 31
1.005351 31
1.004221 32
1.008605 31
1.008710 32
1.004027 32
1.007582 31
1.008669 31
1.006425 32
1.009516 31
1.008954 31
1.004870 32
1.004016 31
1.006867 31
1.006279 35
1.009368 39
1.009098 31
1.005822 33
1.007754 31
1.010736 31
1.004347 32
1.008519 31
1.007142 31
1.005054 31
1.009208 33
1.004843 31
1.004869 31
1.007747 32
1.007230 31
1.006794 31
1.017542 32
1.008156 31
1.009629 31
1.011932 32
1.006230 32
1.005254 31
1.008458 7
0.000027 25
1.003839 31
1.004694 31
1.005778 31
1.004680 32
1.002519 31
1.003217 31
1.004753 32
1.004482 32
1.004108 31
1.003926 32
1.003891 31
1.003574 31
1.003978 34
1.003930 31
1.004132 31
1.003564 32
1.003716 31
1.003897 32
1.003858 32
1.003312 31
1.005276 31
1.003892 31
1.004246 32
1.004992 31
1.005392 31
1.004243 32
1.005246 31
1.003446 32
1.003677 32
1.003873 31
1.003879 31
1.003687 32
1.003552 31
1.003474 31
1.003431 32
1.003884 31
1.003942 31
1.003259 35
1.012221 39
1.004721 31
1.003602 32
1.003209 31
1.008189 31
1.005494 31
1.008873 33
1.010520 31
1.009707 32
1.008521 32
1.010072 31
1.009764 31
1.007600 32
1.009129 31
1.007627 31
1.014985 32
1.007067 31
1.007260 31
1.007880 33
1.009080 31
1.008527 31
1.004424 32
1.004237 31
1.004781 31
1.005148 31
1.006110 32
1.007138 31
1.009471 31
1.011412 33
1.004614 31
1.006806 31
1.009328 32
1.008430 31
1.007993 31
1.009113 32
1.008620 31
1.009675 31
1.006565 33
1.010286 32
1.004659 31
1.008001 32
1.009997 31
1.014243 31
1.007901 31
1.010260 32
1.010796 31
1.007384 31
1.008005 32
1.006726 32
1.009069 31
1.006425 32
1.008149 31
1.006446 31
1.009320 32
1.007907 31
1.009179 31
1.006440 32
1.009144 31
1.009539 35
1.005155 41
1.009473 31
1.007403 31
1.007203 32
1.004388 31
1.004239 31
1.005017 31
1.008438 32
1.004669 31
1.009737 32
1.006298 33
1.010655 31
1.007035 31
1.008381 32
1.008003 31
1.008233 31
1.005564 32
1.007215 31
1.009646 31
1.008570 33
1.008986 31
1.005708 31
1.010180 32
1.007981 31
1.004587 31
1.011703 31
1.010232 32
1.006411 31
1.008804 31
1.004430 33
1.009104 31
1.008215 31
1.007612 32
1.004575 31
1.007013 31
1.008117 32
1.007976 31
1.006898 31
1.009169 32
1.004283 32
1.009623 31
1.006556 31
1.006153 33
1.008565 31
1.008878 31
1.007430 32
1.007933 31
1.009787 31
1.018522 32
1.002009 32
1.008818 31
1.007409 32
1.007288 31
1.007418 31
1.007899 32
1.007314 31
1.008511 31
1.004620 32
1.010873 15
0.000018 16
1.004898 34
1.008853 39
1.007450 32
1.010118 31
1.007271 32
1.008749 31
1.007929 31
1.007814 31
1.009328 32
1.016533 32
1.004305 31
1.007462 32
1.009250 31
1.008076 31
1.008070 33
1.008183 25
0.000035 6
1.008283 31
1.006151 32
1.007557 31
1.007821 32
1.009544 32
1.009690 31
1.007144 31
1.010863 31
1.003928 32
1.007438 31
1.011069 31
1.009294 32
1.009383 31
1.006275 32
1.006706 32
1.003677 31
1.008148 31
1.010281 32
1.004332 31
1.010388 31
1.008610 32
1.006883 31
1.006976 31
1.006770 16
0.000107 17
1.013765 31
1.006392 31
1.008727 31
1.009099 32
1.005643 31
1.006541 31
1.008444 33
1.007070 31
1.061477 31
1.007629 33
1.012085 31
1.007736 31
1.006859 32
1.016983 7
0.000263 24
1.003003 31
1.016168 32
1.008156 31
1.003302 31
1.008342 31
1.005107 35
1.004959 39
1.007890 32
1.008719 31
1.003458 31
1.005449 31
1.005031 32
1.006532 31
1.010288 31
1.006877 32
1.005490 32
1.010658 31
1.022959 32
1.003372 31
1.004162 31
1.007593 32
1.005039 31
1.006788 31
1.008257 33
1.005358 31
1.011494 32
1.007092 32
1.004602 31
1.006532 31
1.006780 31
1.004515 32
1.004602 31
1.008223 31
1.004581 32
1.004239 31
1.007216 32
1.004942 32
1.004754 31
1.010576 31
1.004875 32
1.008091 31
1.005306 31
1.004580 32
1.005920 31
1.012634 31
1.004760 32
1.006606 32
1.007710 31
1.004671 31
1.006349 32
1.010610 31
1.005861 31
1.009417 32
1.009690 31
1.004715 31
1.002825 34
1.007285 31
1.006505 31
1.007966 32
1.009680 31
1.005206 31
1.008860 32
1.007653 31
1.005371 31
1.004204 31
1.008457 35
1.004881 39
1.008553 32
1.006690 31
1.005001 31
1.006863 31
1.008560 32
1.005083 31
1.007660 31
1.009654 32
1.004943 32
1.010256 31
1.010080 32
1.005004 31
1.008785 31
1.009087 32
1.006470 31
1.007341 31
1.008131 32
1.005701 32
1.007301 31
1.007306 31
1.004593 33
1.008042 31
1.007526 31
1.006611 32
1.009397 31
1.035514 31
1.005370 32
1.008877 32
1.007518 31
1.004633 32
1.009459 31
1.009423 31
1.007510 32
1.004668 31
1.007935 31
1.005102 32
1.010038 31
1.005990 32
1.008316 31
1.003346 15
0.000011 17
1.008473 31
1.005051 31
1.007291 32
1.008596 31
1.004528 31
1.007909 32
1.010467 31
1.003176 32
1.009147 32
1.010408 31
1.005522 31
1.007171 34
1.009083 31
1.008800 31
1.006841 32
1.006037 31
1.012248 31
1.007127 34
1.004357 40
1.003375 30
1.006255 30
1.005541 31
1.008455 31
1.007934 31
1.004287 32
1.003027 31
1.005212 31
1.003057 33
1.003992 31
1.005944 31
1.007978 32
1.006206 31
1.003076 31
1.006204 32
1.004547 31
1.005450 31
1.006376 31
1.009761 33
1.009115 31
1.008662 31
1.006570 32
1.008275 31
1.005231 31
1.009750 33
1.005034 31
1.003301 31
1.008192 32
1.008054 32
1.003944 31
1.009276 32
1.006114 31
1.007936 31
1.006289 32
1.004327 31
1.006683 31
1.004398 31
1.008396 32
1.008402 32
1.004563 31
1.009190 32
1.007995 31
1.008882 31
1.009177 32
1.004494 31
1.008601 31
1.004770 32
1.004120 31
1.008308 32
1.007808 32
1.009051 31
1.009141 31
1.008960 31
1.009486 32
1.010076 31
1.009195 31
1.002847 33
1.005614 31
1.004835 34
1.009676 40
1.008169 30
1.009024 30
1.011438 31
1.007331 31
1.009360 31
1.004912 32
1.006427 31
1.004769 31
1.004096 33
1.009554 31
1.006601 31
1.009258 32
1.006350 31
1.009040 31
1.006534 31
1.004500 32
1.004768 31
1.005733 31
1.008464 33
1.008559 31
1.007866 31
1.009954 32
1.008531 31
1.008630 31
1.007951 32
1.008132 31
1.008017 31
1.005079 33
1.007544 32
1.003801 31
1.008636 32
1.009951 31
1.008021 31
1.007189 31
1.007750 32
1.011804 31
1.010298 31
1.008164 33
1.008693 31
1.004922 31
1.009352 32
1.012979 31
1.008394 31
1.009361 32
1.003655 31
1.009223 31
1.009085 32
1.003698 32
1.007565 31
1.004559 31
1.008125 32
1.008872 31
1.006280 31
1.008301 32
1.007680 31
1.003969 31
1.004291 32
1.005140 34
1.003961 39
1.005802 33
1.005886 31
1.008705 31
1.007698 32
1.009700 31
1.011739 31
1.003109 32
1.004873 31
1.008235 32
1.002953 32
1.005827 31
1.009660 31
1.008796 32
1.012590 31
1.005273 31
1.005067 31
1.009057 32
1.004346 31
1.008489 32
1.007648 32
1.002872 31
1.009954 31
1.008500 32
1.008467 31
1.008534 31
1.010611 32
1.008947 31
1.005077 31
1.008307 33
1.011488 31
1.006200 31
1.008317 31
1.008760 33
1.011213 31
1.009304 31
1.006315 32
1.006106 31
1.008512 31
1.009523 33
1.006754 31
1.012528 31
1.014152 32
1.004836 31
1.003164 31
1.006499 32
1.004682 31
1.008451 31
1.005516 32
1.005255 32
1.008417 31
1.005650 31
1.006217 32
1.009145 31
1.006134 31
1.004520 32
1.006827 31
1.007790 31
1.004763 32
1.009907 34
1.006991 39
1.004238 32
1.010646 31
1.004911 31
1.006080 33
1.006829 31
1.006923 31
1.005844 32
1.004281 31
1.010610 32
1.003090 32
1.004663 31
1.010108 31
1.003175 31
1.008788 32
1.008049 31
1.005288 31
1.007805 32
1.009434 31
1.005102 32
1.008186 32
1.004695 31
1.004798 31
1.003990 32
1.009341 31
1.006620 31
1.008659 32
1.007538 31
1.003671 31
1.008933 33
1.009623 31
1.005445 31
1.009355 31
1.005044 32
1.005398 31
1.009153 31
1.007863 33
1.005031 31
1.004114 31
1.003895 33
1.005930 31
1.010519 31
1.002806 32
1.003110 31
1.008423 31
1.006353 32
1.002817 31
1.008130 31
1.003204 31
1.004485 33
1.010763 31
1.009493 31
1.003840 32
1.009363 31
1.005269 31
1.003167 32
1.009960 31
1.009912 31
1.003926 7
0.000054 28
1.010186 39
1.009043 31
1.004429 32
1.010723 31
1.008003 31
1.005349 32
1.007306 31
1.009237 31
1.005572 33
1.007492 32
1.006254 31
1.004182 32
1.003750 31
1.004537 31
1.003730 31
1.005527 32
1.005198 31
1.005609 31
1.004872 32
1.006337 32
1.005520 31
1.007615 32
1.007530 31
1.005456 31
1.004313 32
1.008088 31
1.005197 31
1.010461 32
1.010483 31
1.004324 32
1.007911 31
1.008797 32
1.005901 31
1.004644 31
1.009139 32
1.002478 31
1.008551 31
1.004799 32
1.006211 31
1.008181 32
1.008008 33
1.005939 31
1.005627 31
1.006515 32
1.004457 31
1.009942 31
1.013944 32
1.004467 31
1.004340 31
1.007164 32
1.007241 32
1.007189 31
1.005429 31
1.004396 32
1.009334 31
1.005359 31
1.011422 32
1.077761 31
1.007945 31
1.010186 35
1.007968 39
1.008628 31
1.007519 32
1.006702 31
1.008215 31
1.004608 32
1.008027 31
1.007389 31
1.008308 32
1.006168 32
1.009316 31
1.010791 31
1.009289 34
1.009835 31
1.004931 31
1.002980 32
1.009027 31
1.010107 31
1.007933 32
1.008148 32
1.007552 31
1.009075 32
1.003587 31
1.009430 31
1.008129 32
1.004020 25
0.000016 6
1.007401 31
1.003455 32
1.005142 31
1.004813 32
1.003547 31
1.008268 32
1.007897 31
1.003415 31
1.009040 32
1.004854 31
1.006936 31
1.009016 32
1.008914 31
1.006850 32
1.010366 32
1.006723 31
1.004588 31
1.011801 33
1.004641 31
1.008513 31
1.007597 31
1.009328 32
1.004364 31
1.010336 32
1.011191 32
1.008522 31
1.005433 31
1.006878 32
1.005729 31
1.007461 31
1.009168 32
1.006737 31
1.006325 31
1.008250 36
1.007821 40
1.007806 30
1.007929 31
1.011796 31
1.009205 31
1.005928 32
1.006761 31
1.005038 31
1.004083 33
1.004133 31
1.009621 31
1.009175 31
1.004783 32
1.007611 31
1.007957 31
1.010998 33
1.008296 31
1.015476 31
1.009189 33
1.007063 31
1.002826 31
1.010647 32
1.004602 31
1.005854 31
1.008526 32
1.006196 31
1.007628 31
1.006798 31
1.006921 33
1.005270 31
1.008146 31
1.010422 32
1.006523 31
1.005253 31
1.009951 32
1.009142 31
1.010282 31
1.003153 32
1.007445 32
1.004587 31
1.008863 32
1.010222 31
1.004627 31
1.004736 32
1.007989 31
1.007853 31
1.005055 31
1.010775 33
1.007830 32
1.004329 31
1.007200 32
1.009073 31
1.009358 31
1.007566 32
1.008734 31
1.009855 31
1.007951 32
1.043754 31
1.009305 34
1.008279 40
1.008289 30
1.008969 30
1.004460 31
1.010344 31
1.007428 31
1.007286 32
1.009000 31
1.004266 31
1.009280 32
1.008380 32
1.007948 31
1.103391 31
1.010026 32
1.004666 31
1.007489 31
1.007118 32
1.005353 31
1.009343 31
1.008234 34
1.005107 31
1.008514 31
1.008193 32
1.004434 31
1.010742 31
1.007154 31
1.008893 32
1.004937 31
1.008084 31
1.006605 33
1.005730 31
1.009718 31
1.005822 32
1.004705 31
1.008567 31
1.006889 32
1.010298 31
1.008412 31
1.006158 32
1.010015 32
1.006021 31
1.004788 32
1.008559 31
1.003230 31
1.007937 31
1.004326 32
1.004173 31
1.004487 31
1.005227 32
1.009431 32
1.004557 31
1.007798 33
1.009760 31
1.006084 31
1.007001 32
1.007024 31
1.004801 31
1.007742 32
1.007669 31
1.005179 34
1.004930 40
1.008485 30
1.005061 30
1.009977 31
1.014310 31
1.008088 31
1.008878 31
1.005679 32
1.034693 32
1.004838 31
1.006223 32
1.035055 31
1.008129 31
1.010458 32
1.005266 31
1.012118 31
1.004566 32
1.005247 31
1.003582 32
1.005012 32
1.004640 31
1.009934 31
1.006873 31
1.004892 33
1.004415 31
1.008717 31
1.004093 32
1.005137 31
1.004269 32
1.004540 32
1.010330 31
1.003012 31
1.004844 32
1.010373 31
1.006160 31
1.007329 32
1.007584 31
1.002590 31
1.006032 33
1.007696 31
1.008062 31
1.006552 31
1.005911 32
1.008527 31
1.002569 31
1.005755 32
1.002585 31
1.038961 31
1.003136 33
1.004379 31
1.004510 31
1.005841 32
1.003429 31
1.003772 31
1.005255 33
1.008527 31
1.010295 31
1.010334 31
1.008908 35
1.009082 39
1.007967 32
1.007748 31
1.006806 31
1.008437 31
1.004678 32
1.007051 31
1.008874 31
1.009319 32
1.009298 32
1.007011 31
1.005729 32
1.007376 31
1.009830 31
1.007537 32
1.009219 31
1.007962 31
1.009861 32
1.007214 31
1.008976 32
1.006846 32
1.007020 31
1.007536 31
1.006707 31
1.010864 32
1.005927 31
1.006768 31
1.008379 33
1.034253 31
1.003268 32
1.009184 32
1.007062 31
1.008064 31
1.004102 32
1.006447 31
1.010152 31
1.008044 32
1.004187 31
1.005690 31
1.004127 32
1.003298 32
1.003760 31
1.003369 31
1.003017 32
1.003762 31
1.007473 31
1.006599 32
1.005907 31
1.004184 31
1.003471 33
1.003561 31
1.003413 31
1.003578 32
1.010908 31
1.009187 31
1.008616 32
1.008889 31
1.009365 31
1.004795 31
1.007791 36
1.007672 39
1.007422 32
1.008672 31
1.005486 31
1.009933 31
1.004776 32
1.008611 31
1.009337 31
1.006924 32
1.008400 32
1.004633 31
1.007595 32
1.007697 31
1.005816 31
1.006179 32
1.006578 31
1.009974 31
1.008196 32
1.002711 32
1.007560 31
1.008478 31
1.006560 32
1.003579 31
1.010457 31
1.007232 32
1.006218 31
1.007618 31
1.007493 32
1.005638 32
1.008844 31
1.025248 34
1.008844 31
1.005275 31
1.006338 32
1.004602 31
1.008225 31
1.010251 32
1.007025 31
1.003244 32
1.007566 31
1.008296 32
1.007875 31
1.011458 31
1.004594 32
1.060991 31
1.009364 31
1.012434 32
1.007699 31
1.007489 32
1.010802 32
1.006236 31
1.004241 31
1.004400 32
1.010258 31
1.010024 31
1.009975 25
0.012467 6
0.994749 32
1.003465 31
1.009004 34
1.007377 40
1.009666 30
1.008922 30
1.005588 32
1.007140 31
1.005962 31
1.008266 32
1.010035 31
1.009799 31
1.004838 33
1.005358 31
1.008793 31
1.005286 32
1.004955 31
1.010083 31
1.007509 32
1.008334 31
1.004505 31
1.008368 31
1.008409 33
1.008162 31
1.010123 31
1.009237 32
1.008849 31
1.007808 31
1.009516 32
1.007230 31
1.007999 31
1.008246 32
1.007367 32
1.025083 31
1.002571 32
1.009889 31
1.009101 31
1.014639 33
1.006975 31
1.004921 31
1.005991 31
1.017795 32
0.994071 32
1.008447 31
1.010530 32
1.004595 31
1.004745 31
1.009727 32
1.005011 31
1.009700 31
1.008173 32
1.004838 31
1.005322 32
1.006377 32
1.005456 31
1.005150 31
1.008800 31
1.003238 32
1.004230 31
1.007408 31
1.005740 32
1.007108 31
1.004678 34
1.005565 40
1.008440 30
1.008407 30
1.004498 31
1.009388 31
1.007555 31
1.004983 33
1.008949 31
1.009119 31
1.005073 33
1.008663 31
1.009296 31
1.005033 32
1.008923 31
1.008278 31
1.004816 31
1.008490 32
1.003506 31
1.006722 31
1.005350 33
1.003649 31
1.003480 31
1.008942 32
1.010711 31
1.004901 31
1.007662 32
1.005123 31
1.005380 31
1.004902 33
1.005025 31
1.006462 31
1.008339 32
1.003796 31
1.004095 31
1.010762 31
1.007423 32
1.004818 31
1.004954 31
1.004490 34
1.004373 31
1.007700 31
1.011632 32
1.005352 31
1.006256 31
1.009409 32
1.004641 31
1.005375 31
1.004397 32
1.005341 32
1.008049 31
1.008957 31
1.004830 32
1.009312 31
1.004536 31
1.007719 32
1.008856 31
1.008455 31
1.004686 32
1.009578 34
1.007925 39
1.003796 32
1.010493 31
1.008409 31
1.004168 32
1.008606 31
1.008289 31
1.005123 32
1.007738 31
1.005960 32
1.005111 33
1.004776 31
1.004987 31
1.004559 32
1.007466 31
1.008239 31
1.005736 31
1.009428 32
1.007850 31
1.004436 32
1.006610 32
1.005200 31
1.005471 31
1.006513 32
1.010770 31
1.004626 31
1.006068 32
1.010239 31
1.004563 31
1.007349 33
1.008267 31
1.004485 31
1.006862 15
0.000022 16
1.007072 32
1.005263 31
1.007559 31
1.008396 32
1.004794 31
1.005676 31
1.008128 33
1.004915 31
1.003933 31
1.006962 33
1.004259 31
1.006923 31
1.008824 32
1.006432 31
1.008460 31
1.006994 32
1.004991 32
1.007084 31
1.007894 31
1.005542 32
1.008178 31
1.003795 31
1.004433 32
1.007409 31
1.007203 31
1.004526 32
1.008442 34
1.008220 39
1.004880 32
1.007733 31
1.007059 31
1.004060 32
1.008587 31
1.006448 31
1.010312 32
1.007143 31
1.007877 32
1.008810 32
1.007681 31
1.007198 31
1.004645 31
1.008685 33
1.006749 31
1.008859 31
1.005101 32
1.007659 31
1.006814 32
1.010353 32
1.009157 31
1.009151 31
1.008261 32
1.008485 31
1.009586 31
1.008460 32
1.008852 31
1.006356 7
0.000030 24
1.006293 32
1.007373 32
1.007603 31
1.005600 31
1.005010 32
1.007775 31
1.008634 31
1.005476 32
1.008445 31
1.006338 31
1.008746 33
1.004914 31
1.006911 15
0.000020 16
1.017448 32
0.998512 31
1.008306 31
1.007597 33
1.010066 31
1.004575 31
1.007474 31
1.007664 33
1.007461 31
1.006189 31
1.006706 32
1.007600 31
1.007213 31
1.006566 32
1.008158 31
1.006361 31
1.008970 35
1.009730 39
1.005096 31
1.006267 32
1.008501 31
1.006436 31
1.005989 32
1.007901 31
1.010171 31
1.007340 32
1.008207 32
1.009785 31
1.005134 31
1.007656 32
1.007438 31
1.003997 31
1.007307 32
1.007354 31
1.008390 31
1.007986 33
1.007614 32
1.008428 31
1.008291 32
1.007624 31
1.004684 31
1.005277 32
1.006823 31
1.007945 31
1.007183 32
1.008101 31
1.008813 32
1.008258 31
1.007227 32
1.008980 31
1.007334 31
1.004774 32
1.007393 31
1.007000 31
1.008980 32
1.007528 31
1.008123 32
1.007019 32
1.009121 31
1.007666 31
1.008490 32
1.006773 31
1.007783 31
1.006801 31
1.004327 32
1.007011 31
1.008180 32
1.006961 34
1.006337 31
1.006057 31
1.006510 32
1.007136 31
1.009022 31
1.008631 32
1.010391 31
1.005872 31
1.008811 36
1.004513 7
0.000011 33
1.007618 30
1.009370 31
1.007374 31
1.008359 31
1.007107 32
1.007782 31
1.006313 31
1.007909 32
1.006265 32
1.009259 31
1.006011 31
1.008283 32
1.005011 31
1.007110 31
1.008575 32
1.004840 31
1.009190 31
1.006866 32
1.008594 32
1.008136 31
1.005848 33
1.007667 31
1.008058 31
1.007215 32
1.008504 31
1.004306 31
1.007583 32
1.012786 31
1.007207 32
1.006962 31
1.007493 32
1.007069 31
1.008084 31
1.008520 32
1.008020 31
1.007003 31
1.007246 32
1.007178 31
1.006425 32
1.007168 32
1.009006 31
1.012915 31
1.005732 32
1.008358 31
1.008585 31
1.004551 31
1.007709 32
1.004845 31
1.005649 32
1.006814 32
1.007846 31
1.019656 31
1.007567 33
1.008039 31
1.008965 31
1.004445 32
1.005190 31
1.004256 31
1.007570 35
1.008266 39
1.007965 31
1.007226 32
1.007203 31
1.008826 31
1.008115 32
1.005203 31
1.006499 31
1.007312 32
1.005536 32
1.007508 31
1.007830 31
1.006890 32
1.004360 31
1.008505 31
1.007742 32
1.006022 31
1.007892 31
1.006301 33
1.007457 31
1.007340 31
1.006677 32
1.005369 31
1.006657 31
1.008495 33
1.007841 31
1.009622 31
1.007150 31
1.007661 33
1.008782 31
1.006903 31
1.006581 32
1.004507 31
1.007422 31
1.007268 32
1.008060 31
1.007187 31
1.005564 15
0.000015 17
1.007253 32
1.008303 31
1.004623 32
1.007128 31
1.007864 31
1.005121 32
1.005397 31
1.004708 31
1.004556 31
1.007563 32
1.009294 32
1.004987 31
1.007983 32
1.006648 31
1.004423 31
1.008161 32
1.009076 31
1.005422 31
1.004704 33
1.006660 31
1.004942 34
1.008871 40
1.007975 30
1.005603 30
1.007773 31
1.007483 31
1.005714 31
1.007432 31
1.009357 32
1.006645 31
1.004624 32
1.007955 32
1.004400 31
1.010481 31
1.007840 32
1.005018 31
1.007404 31
1.008664 32
1.005170 31
1.014317 15
0.000019 16
1.005515 33
1.005384 31
1.006592 31
1.006437 32
1.005553 31
1.011200 31
1.007882 31
1.004727 32
1.008473 31
1.007573 31
1.005742 34
1.010168 31
1.013760 31
1.004609 32
1.009049 31
1.009034 31
1.004082 32
1.007129 31
1.007523 31
1.005218 32
1.007018 32
1.008449 31
1.005490 32
1.009320 31
1.011921 31
1.005563 31
1.005129 32
1.008770 31
1.004959 31
1.007445 32
1.008403 32
1.005170 31
1.008249 32
1.007727 31
1.004779 31
1.007405 32
1.005176 31
1.005287 31
1.008704 32
1.007435 31
1.004779 34
1.008123 39
1.006560 33
1.004839 15
0.000015 16
1.011982 32
1.005786 31
1.004951 31
1.007184 31
1.009639 32
1.005129 31
1.008568 32
1.008609 32
1.004801 31
1.008272 31
1.004456 32
1.005167 31
1.008190 31
1.009153 32
1.004588 31
1.004909 31
1.007499 33
1.005119 31
1.008634 31
1.008191 31
1.005041 32
1.010264 31
1.008133 31
1.003789 32
1.007287 31
1.008011 31
1.004613 33
1.008127 31
1.005315 31
1.005952 33
1.014289 31
1.007294 31
1.007634 32
1.006799 31
1.010083 31
1.006110 33
1.008625 31
1.007803 31
1.007851 31
1.007100 32
1.008053 31
1.004810 31
1.009556 32
1.008520 31
1.010476 31
1.007006 33
1.009146 31
1.007107 31
1.007645 32
1.007618 31
1.008668 31
1.006602 32
1.007787 31
1.009016 31
1.006618 31
1.008885 35
1.006389 39
1.010006 32
1.006916 31
1.007588 31
1.007945 31
1.011509 33
1.006972 31
1.011399 31
1.005299 32
1.008913 32
1.007577 31
1.008195 32
1.006630 31
1.008019 31
1.008709 32
1.009975 15
0.000756 16
1.008298 31
1.008422 32
1.005246 31
1.006311 32
1.008648 32
1.009081 31
1.007802 31
1.011463 31
1.007146 32
1.011462 31
1.007907 31
1.008076 32
1.006541 31
1.007185 32
1.006118 32
1.004907 31
1.007866 31
1.006398 32
1.005025 31
1.011276 31
1.002967 33
1.003806 31
1.008264 31
1.008565 32
1.006235 32
1.003979 31
1.009047 31
1.004689 32
1.008728 31
1.008895 31
1.005891 32
1.009723 31
1.009210 31
1.007714 33
1.006380 31
1.009908 15
0.010707 16
0.996489 32
1.010900 31
1.005951 31
1.011251 32
1.008215 31
1.007218 31
1.009899 31
1.008389 35
1.008514 39
1.018299 32
0.998812 31
1.004750 31
1.004881 31
1.007253 15
0.000020 17
1.009209 31
1.007361 31
1.007839 34
1.007881 32
1.009594 31
1.007194 32
1.004944 31
1.009823 31
1.005804 32
1.009782 31
1.005369 31
1.004788 32
1.007628 31
1.010877 32
1.006503 32
1.008218 31
1.007524 31
1.004350 31
1.008312 32
1.007359 25
0.000025 6
1.008180 31
1.007267 32
1.009764 31
1.005055 32
1.005080 32
1.006805 31
1.008028 31
1.008209 32
1.005396 31
1.008589 31
1.006662 32
1.011824 31
1.009308 31
1.007961 32
1.005295 33
1.010361 31
1.009056 31
1.010080 32
1.008612 31
1.008070 31
1.010451 32
1.005923 31
1.007945 32
1.008058 32
1.008015 31
1.007736 31
1.012081 32
1.004422 31
1.007449 31
1.003300 32
1.005253 31
1.005684 31
1.011436 34
1.008544 40
1.005799 30
1.009728 30
1.009812 31
1.008548 31
1.006956 31
1.005162 32
1.007600 31
1.006517 31
1.007302 33
1.008819 31
1.008107 31
1.010689 33
1.004752 31
1.004846 31
1.005357 32
1.010309 31
1.008199 31
1.004220 31
1.007795 33
1.007970 31
1.005139 31
1.006454 32
1.009101 31
1.004687 31
1.008374 32
1.007925 31
1.004708 31
1.004639 32
1.009184 32
1.004107 31
1.010434 32
1.008798 31
1.005053 31
1.009214 32
1.010075 31
1.004413 31
1.010291 15
0.000020 16
1.008090 32
1.005384 32
1.005093 15
0.000015 16
1.008848 32
1.005645 31
1.008178 31
1.006921 33
1.004263 31
1.010491 31
1.004618 32
1.004597 31
1.010117 32
1.004851 32
1.005479 31
1.008365 25
0.000036 6
1.005756 32
1.004608 31
1.007823 31
1.008143 31
1.006636 32
1.004030 31
1.014729 7
0.000067 27
1.004700 40
1.007968 30
1.007087 30
1.004862 31
1.008903 31
1.009917 31
1.005304 32
1.005230 31
1.007642 31
1.008188 33
1.010770 31
1.007856 31
1.003255 32
1.011417 31
1.004593 31
1.005145 31
1.007209 33
1.006654 31
1.005088 31
1.008051 33
1.007257 31
1.006286 31
1.008294 32
1.006425 31
1.004771 31
1.007676 32
1.006600 31
1.004742 31
1.007665 32
1.008555 32
1.005039 31
1.006981 32
1.009559 31
1.005330 31
1.007191 31
1.009641 32
1.006260 31
1.005079 31
1.004488 32
1.007134 32
1.007083 31
1.007927 32
1.004618 31
1.005883 31
1.010712 32
1.005033 31
1.009897 31
1.007777 33
1.004250 31
1.009730 32
1.005522 32
1.006477 31
1.008901 31
1.008100 31
1.004273 32
1.008452 31
1.010249 31
1.005078 32
1.009068 31
1.007618 42
1.004740 32
1.007212 15
0.000043 16
1.007631 31
1.005457 32
1.009963 31
1.008384 31
1.004570 32
1.009354 31
1.003279 32
1.005908 32
1.008020 31
1.010187 31
1.007107 32
1.003353 31
1.008490 31
1.005999 31
1.010477 32
1.008881 31
1.006217 32
1.008485 33
1.007294 31
1.004165 31
1.007759 32
1.002800 31
1.008636 31
1.008745 32
1.006247 15
0.000020 16
1.006562 31
1.007939 33
1.010313 31
1.009304 31
1.010754 31
1.009276 32
1.006975 31
1.008258 31
1.008011 32
1.004694 31
1.012232 31
1.008982 33
1.004073 15
0.000030 16
1.008404 31
1.007285 32
1.002150 31
1.010351 31
1.003000 32
1.005355 31
1.004817 31
1.006759 32
1.008288 32
1.005274 31
1.004097 31
1.004542 15
0.000466 18
1.004070 31
1.004383 31
1.005105 32
1.005296 31
1.007916 31
1.006483 32
1.006837 34
1.004597 39
1.004373 32
1.004880 31
1.005938 31
1.007111 32
1.005821 31
1.005268 31
1.004928 32
1.006666 31
1.005428 32
1.004989 32
1.005724 31
1.004194 31
1.006382 31
1.004734 32
1.004453 31
1.003259 31
1.003242 32
1.002689 25
0.000009 6
1.005599 16
0.000010 16
1.003434 32
1.003120 31
1.003680 31
1.004348 33
1.008987 31
1.009905 31
1.010402 32
1.007967 31
1.007480 31
1.008717 33
1.007632 31
1.007711 31
1.008406 31
1.007731 32
1.007642 31
1.005619 31
1.003945 32
1.003119 31
1.008000 31
1.003851 33
1.005524 31
1.005842 31
1.005677 32
1.005115 31
1.008775 31
1.004060 32
1.008836 31
1.010326 31
1.015957 31
1.010241 33
1.009064 31
1.008402 31
1.008343 32
1.005056 31
1.010987 31
1.008432 33
1.014752 31
1.011022 31
1.009803 32
1.008766 37
1.006327 42
1.008237 32
1.008559 31
1.005914 31
1.009024 32
1.008035 31
1.005431 31
1.009680 32
1.006659 31
1.009411 32
1.007111 32
1.008747 31
1.009953 31
1.006561 32
1.004593 31
1.017251 31
1.024485 31
1.006486 32
1.004350 31
1.008146 32
1.006918 32
1.003642 31
1.009274 31
1.008851 32
1.004671 31
1.009777 31
1.005722 34
1.010210 31
1.089164 32
1.011305 32
1.008831 31
1.007773 31
1.005306 32
1.010767 31
1.008522 31
1.007306 31
1.004830 32
1.009949 31
1.007870 32
1.005921 32
1.004399 31
1.008608 31
1.004801 32
1.006765 31
1.007943 31
1.008963 32
1.008507 31
1.009022 31
1.008688 33
1.007847 31
1.010469 31
1.009818 31
1.009902 32
1.008474 31
1.006611 31
1.005549 32
1.010839 31
1.008395 31
1.009155 36
1.011742 33
0.000283 6
1.008026 31
1.007785 32
1.007548 31
1.007769 31
1.009186 32
1.009096 31
1.009088 31
1.006804 32
1.008553 32
1.007137 31
1.008502 32
1.007980 31
1.008456 31
1.008715 31
1.010415 32
1.005635 31
1.007239 31
1.010182 32
1.004862 32
1.011794 31
1.010955 32
1.004806 31
1.004905 31
1.005658 32
1.005555 31
1.013529 31
1.005925 32
1.005124 31
1.003680 32
1.008968 33
1.002494 31
1.009608 31
1.007834 31
1.004700 32
1.008750 31
1.008202 31
1.005260 32
1.008065 31
1.006711 32
1.004595 15
0.000016 17
1.008824 31
1.005496 31
1.004472 32
1.009382 31
1.009169 31
1.007670 32
1.005310 31
1.008974 31
1.003487 32
1.008061 32
1.008187 31
1.008037 31
1.007668 32
1.007895 31
1.004702 31
1.009468 32
1.007964 31
1.004102 31
1.006911 35
1.010710 39
1.006499 31
1.007326 33
1.004697 15
0.000014 16
1.005646 31
1.006994 32
1.008904 31
1.005248 31
1.004855 32
1.006988 32
1.004550 31
1.007947 32
1.008077 31
1.006246 31
1.007872 31
1.020085 32
1.004583 31
1.005713 31
1.005007 32
1.004867 32
1.008457 31
1.007152 32
1.008158 31
1.008914 31
1.008418 32
1.005038 31
1.008033 31
1.010232 32
1.004822 16
0.000014 16
1.008408 31
1.009273 31
1.004152 32
1.004712 31
1.007588 31
1.005322 33
1.007887 31
1.004705 31
1.005427 32
1.004467 32
1.005921 31
1.004851 32
1.006164 31
1.008636 31
1.005022 32
1.010763 31
1.010490 31
1.005369 32
1.008820 31
1.009053 32
1.006706 31
1.008917 15
0.000021 17
1.005856 31
1.006953 31
1.007835 32
1.007630 31
1.005043 31
1.007576 32
1.009368 31
1.006398 34
1.011099 40
1.006451 30
1.003881 30
1.008443 31
1.009697 31
1.004326 31
1.010116 33
1.009813 31
1.004996 31
1.010170 33
1.007202 31
1.005086 31
1.009211 31
1.009483 32
1.005391 31
1.004775 31
1.009404 32
1.006068 31
1.009221 31
1.008138 33
1.004047 31
1.009589 31
1.005870 32
1.004722 31
1.010097 31
1.007841 32
1.005137 31
1.008036 31
1.005065 31
1.004997 33
1.008559 31
1.008345 31
1.004732 32
1.007691 31
1.006339 31
1.004570 32
1.006606 31
1.007313 31
1.004407 33
1.007741 32
1.009510 31
1.004183 32
1.007875 31
1.008863 31
1.006038 32
1.008905 31
1.004021 31
1.006764 31
1.008287 32
1.008067 32
1.006228 31
1.004423 32
1.009171 31
1.004346 31
1.010423 32
1.010022 31
1.007115 31
1.006988 32
1.008670 31
1.007449 34
1.009395 40
1.007922 30
1.009619 30
1.005729 31
1.004887 31
1.009124 31
1.010425 32
1.009804 31
1.004862 31
1.007938 32
1.009656 33
1.005666 31
1.007695 31
1.008952 32
1.007977 31
1.008021 31
1.008615 32
1.005008 31
1.006483 31
1.008225 33
1.010654 15
0.000021 16
1.006954 31
1.008071 32
1.004448 31
1.008505 31
1.009772 31
1.010221 32
1.004059 31
1.009530 31
1.010458 33
1.007900 31
1.008931 31
1.011081 32
1.008814 31
1.009024 31
1.007670 32
1.009200 31
1.007815 31
1.009725 33
1.006654 31
1.005320 31
1.007647 33
1.008241 31
1.007708 31
1.008398 31
1.008190 32
1.008312 31
1.009622 31
1.007595 33
1.007182 31
1.007456 31
1.008952 32
1.007056 31
1.004853 31
1.009302 32
1.005017 31
1.009422 31
1.013245 32
1.006284 34
1.009687 39
1.009415 32
1.008913 31
1.009788 31
1.008183 32
1.009957 31
1.006411 31
1.005268 31
1.008184 32
1.005669 32
1.005425 31
1.009132 32
1.009017 31
1.008931 31
1.008881 33
1.004873 31
1.007125 31
1.005238 32
1.008264 31
1.008362 32
1.007819 32
1.008331 31
1.008250 31
1.006263 32
1.007917 31
1.008686 31
1.008811 31
1.008139 32
1.009190 31
1.007722 32
1.004486 32
1.008250 31
1.007016 31
1.007334 32
1.007639 31
1.007659 31
1.007450 32
1.007611 31
1.009574 31
1.004046 33
1.035801 31
1.008107 31
1.011097 31
1.005463 32
1.004257 31
1.008607 31
1.012214 68
0.000035 15
1.005830 32
1.008673 15
0.000021 16
1.007240 32
1.004369 32
1.008384 31
1.006918 31
1.004925 31
1.007761 15
0.000021 17
1.007808 31
1.009172 31
1.007695 32
1.006023 31
1.007761 34
1.009774 25
0.000028 15
1.009130 30
1.009003 30
1.005062 31
1.007743 31
1.006486 31
1.008889 32
1.006968 31
1.007637 31
1.007599 33
1.007228 31
1.008414 31
1.008705 31
1.008864 32
1.007773 31
1.005987 31
1.004379 33
1.007480 31
1.007650 31
1.005654 33
1.007274 31
1.006710 31
1.009401 32
1.003882 31
1.007857 31
1.006884 32
1.006527 31
1.008760 31
1.005070 32
1.004781 32
1.009126 31
1.009539 31
1.005148 32
1.005575 31
1.008494 31
1.005925 32
1.008930 31
1.007542 31
1.005624 32
1.007321 32
1.010076 31
1.004503 15
0.000014 17
1.005070 31
1.010453 31
1.004327 32
1.010201 31
1.010385 31
1.005043 31
1.002934 34
1.009693 31
1.003606 31
1.007228 32
1.005119 31
1.005192 31
1.008754 32
1.009135 31
1.004077 31
1.009488 32
1.008166 34
1.004917 39
1.010583 32
1.006031 31
1.004564 31
1.006044 32
1.004225 31
1.005151 31
1.009269 32
1.018508 31
1.005179 32
1.004807 32
1.014280 31
1.001214 31
1.004042 31
1.009677 32
1.004550 31
1.010135 31
1.004820 32
1.005392 31
1.006610 32
1.006721 33
1.004395 15
0.000012 16
1.008403 31
1.007860 32
1.004379 31
1.005319 31
1.003258 32
1.005432 31
1.008951 31
1.007793 32
1.005352 32
1.009072 31
1.006978 31
1.003551 32
1.010507 31
1.008356 31
1.004808 32
1.007995 31
1.006999 31
1.003946 33
1.006994 31
1.007742 31
1.004934 32
1.008389 31
1.007512 31
1.005807 32
1.007369 31
1.009432 31
1.005063 31
1.004539 33
1.009151 31
1.004933 31
1.008830 33
1.010972 31
1.004143 31
1.010122 32
1.006932 31
1.004537 31
1.008976 32
1.009460 34
1.004419 39
1.008672 32
1.005202 31
1.005215 31
1.007091 32
1.010058 31
1.004378 31
1.009465 32
1.008035 31
1.004625 32
1.004404 31
1.007453 32
1.004685 31
1.007799 31
1.010559 32
1.004430 31
1.009731 31
1.008276 32
1.004939 31
1.007791 32
1.007475 32
1.004565 31
1.006521 31
1.009970 33
1.005363 31
1.004636 31
1.008991 32
1.004961 31
1.009176 31
1.008742 32
1.004999 32
1.006636 31
1.007690 31
1.004422 32
1.008513 7
0.010555 24
0.996841 31
1.005138 32
1.009222 31
1.005171 31
1.007304 33
1.006230 31
1.007652 31
1.004568 32
1.009572 31
1.007973 31
1.004728 31
1.008444 32
1.009009 31
1.004634 31
1.005432 33
1.015880 31
1.004625 31
1.008045 32
1.005156 31
1.004746 31
1.009200 33
1.008026 31
1.004834 31
1.007071 32
1.007734 34
1.007671 39
1.011233 32
1.006637 31
1.005078 31
1.005537 32
1.007807 31
1.004626 31
1.007578 32
1.009606 31
1.004117 32
1.009279 31
1.008386 32
1.009928 31
1.007510 31
1.005051 32
1.007877 31
1.008516 31
1.008965 32
1.004983 32
1.008066 31
1.008022 32
1.007197 31
1.008868 31
1.008143 32
1.007795 31
1.009676 31
1.007452 31
1.007011 33
1.007729 32
1.007967 31
1.005010 32
1.008052 31
1.007412 31
1.007769 32
1.008052 31
1.007874 31
1.008370 32
1.008723 31
1.008142 32
1.009445 32
1.005387 31
1.007531 31
1.006966 32
1.009210 31
1.009343 31
1.007169 31
1.007130 32
1.008414 31
1.007784 32
1.009069 32
1.007113 31
1.009838 31
1.008981 32
1.004515 31
1.007047 31
1.010680 32
1.007572 31
1.006866 31
1.007937 37
1.007028 24
0.000021 16
1.008744 30
1.007606 31
1.008547 31
1.004879 31
1.009172 32
1.008607 31
1.008813 31
1.008766 31
1.002536 33
1.008476 31
1.007577 31
1.008874 32
1.010200 31
1.004594 31
1.007962 32
1.004506 31
1.003962 31
1.010275 32
1.007430 32
1.008108 31
1.007134 32
1.007162 31
1.009756 31
1.004267 32
1.010113 31
1.007270 31
1.005131 31
1.008930 32
1.008621 32
1.007852 31
1.008917 33
1.009420 15
0.010284 16
0.994971 31
1.009866 32
1.007482 31
1.007599 31
1.004799 32
1.009924 15
0.000020 16
1.008299 32
1.012704 32
1.009696 31
1.007318 15
0.000116 16
1.008041 31
1.008332 32
1.009322 31
1.009475 31
1.007691 32
1.008777 31
1.009002 32
1.006590 32
1.007861 31
1.011780 31
1.005872 32
1.006968 31
1.008646 31
1.009048 32
1.007582 31
1.006937 31
1.010170 35
1.008621 39
1.012269 31
1.009058 34
1.007093 31
1.010454 31
1.007896 32
1.004689 31
1.008045 31
1.008119 31
1.007899 33
1.009777 31
1.007906 31
1.009507 32
1.007153 31
1.008040 31
1.010226 32
1.004346 31
1.008357 31
1.008007 32
1.009605 32
1.009228 31
1.007055 15
0.000023 17
1.005737 31
1.005879 31
1.008622 31
1.008981 32
1.006740 31
1.009037 31
1.007153 33
1.004394 31
1.009690 31
1.007127 32
1.008627 31
1.008052 31
1.009231 33
1.006939 31
1.008799 31
1.008308 32
1.007587 32
1.004869 31
1.007948 32
1.008213 31
1.005474 31
1.008037 31
1.008232 32
1.005694 31
1.005037 31
1.008986 32
1.004587 32
1.009370 31
1.006907 32
1.005411 31
1.005158 31
1.008378 32
1.004684 31
1.010287 31
1.011024 32
1.005553 31
1.008842 34
1.008056 40
1.004603 30
1.007141 30
1.008066 31
1.004531 31
1.010730 31
1.004984 31
1.004639 33
1.009067 31
1.006870 32
1.004870 32
1.008255 31
1.005022 31
1.007819 32
1.009457 31
1.005727 31
1.005072 32
1.007736 31
1.007794 31
1.004802 33
1.008495 31
1.007072 31
1.004794 31
1.009183 32
1.008048 31
1.004781 31
1.008795 32
1.008205 31
1.005065 31
1.004627 33
1.007895 31
1.005118 31
1.006853 32
1.009052 31
1.004839 31
1.009232 32
1.009656 31
1.004720 31
1.009185 33
1.006601 32
1.006123 31
1.009707 31
1.004554 32
1.005042 31
1.009001 31
1.008628 32
1.004971 31
1.008090 31
1.008832 32
1.005457 32
1.008153 31
1.009598 32
1.004719 31
1.010065 31
1.007730 32
1.004626 31
1.008202 31
1.009812 31
1.008787 32
1.011010 34
1.009773 39
1.004064 32
1.010493 31
1.010144 31
1.004694 32
1.004629 31
1.009263 31
1.004617 32
1.008500 31
1.010654 32
1.004948 33
1.008679 31
1.007645 31
1.004826 32
1.008147 31
1.009309 31
1.007536 32
1.005947 31
1.004111 31
1.005181 33
1.008941 31
1.009241 31
1.004875 31
1.008774 32
1.007036 31
1.006972 31
1.006449 32
1.010987 31
1.002761 31
1.008920 33
1.009167 31
1.005260 31
1.008012 32
1.009207 31
1.008045 31
1.007397 32
1.012304 31
1.009124 31
1.008071 32
1.008339 32
1.006164 31
1.004149 31
1.006316 33
1.010611 31
1.007617 31
1.008351 32
1.008726 31
1.006314 31
1.007672 33
1.009128 31
1.008298 31
1.004603 32
1.008321 31
1.007243 31
1.003927 7
0.000010 25
1.007680 31
1.007457 31
1.009395 31
1.007950 35
1.007790 39
1.008638 32
1.004014 31
1.008186 31
1.007565 31
1.007463 32
1.009491 31
1.008309 31
1.007835 32
1.008987 32
1.009762 31
1.009186 32
1.008173 31
1.008005 31
1.008029 33
1.006567 15
0.000024 16
1.009045 31
1.006542 32
1.004686 31
1.007671 32
1.009065 31
1.010148 32
1.009228 31
1.008054 31
1.010075 32
1.008662 31
1.008642 31
1.007946 32
1.004968 31
1.008197 32
1.009026 32
1.006445 31
1.009542 31
1.007392 32
1.008317 31
1.019835 31
1.007660 32
1.008655 31
1.004435 31
1.003315 32
1.004510 32
1.004026 31
1.008300 31
1.006397 32
1.007047 31
1.006820 31
1.004899 33
1.004949 31
1.004795 31
1.004667 33
1.008354 31
1.006531 31
1.004504 32
1.005352 31
1.007889 31
1.008662 31
1.005359 32
1.007790 31
1.005155 31
1.008862 35
1.009227 39
1.004440 31
1.008367 32
1.004706 31
1.007277 31
1.005652 32
1.008555 31
1.008029 31
1.009909 32
1.006455 32
1.007848 31
1.009796 32
1.008834 31
1.005418 31
1.004021 32
1.007563 31
1.006430 31
1.005591 33
1.004926 31
1.009072 32
1.009399 31
1.007877 32
1.009026 31
1.007004 31
1.010065 32
1.009838 31
1.008557 31
1.004854 32
1.005590 31
1.008202 32
1.010002 32
1.006652 31
1.008030 31
1.004191 32
1.008204 31
1.009273 31
1.008709 31
1.008011 32
1.006293 31
1.009479 32
1.004844 32
1.008919 31
1.007065 31
1.010410 15
0.000029 17
1.009415 31
1.009850 31
1.007627 32
1.009250 31
1.008850 31
1.007194 34
1.008241 31
1.009760 31
1.008160 32
1.004426 31
1.006710 31
1.008816 31
1.007315 32
1.007651 31
1.006730 34
1.006485 40
1.009535 30
1.006128 30
1.008002 31
1.007760 31
1.008696 31
1.008103 32
1.005198 15
0.000015 16
1.007383 31
1.008541 33
1.008800 31
1.007853 31
1.006306 32
1.008086 31
1.009185 31
1.006842 32
1.010217 31
1.004835 31
1.009944 31
1.007486 33
1.009320 31
1.007060 31
1.007423 34
1.004698 31
1.004320 31
1.039746 32
1.003607 31
1.003425 31
1.007598 32
1.006492 32
1.005624 31
1.009453 32
1.003975 31
1.005146 15
0.000015 16
1.003957 31
1.004375 32
1.003832 31
1.005131 31
1.004626 32
1.004099 32
1.003839 31
1.004386 32
1.003396 31
1.003588 31
1.003948 32
1.003749 31
1.008247 31
1.005280 32
1.007749 31
1.008507 32
1.004723 32
1.008527 31
1.010810 31
1.005447 31
1.004666 33
1.006961 31
1.005074 31
1.008251 32
1.008244 31
1.004414 34
1.012351 40
1.007781 30
1.005282 30
1.009046 31
1.009897 31
1.005545 31
1.007198 32
1.008502 31
1.005587 31
1.005862 33
1.009489 31
1.005298 31
1.006180 32
1.007984 31
1.004772 31
1.009674 31
1.008415 32
1.005419 31
1.008469 31
1.005952 33
1.004788 31
1.008057 31
1.005893 32
1.007025 31
1.003109 31
1.006765 33
1.004992 31
1.007495 31
1.014407 32
1.004953 32
1.006627 31
1.006287 31
1.005898 32
1.007320 31
1.007334 15
0.000019 16
1.004614 32
1.006946 31
1.007820 31
1.004587 32
1.005332 32
1.004888 31
1.004669 32
1.004833 31
1.009228 31
1.006040 32
1.010232 31
1.006142 31
1.004289 32
1.006813 31
1.008269 32
1.005210 31
1.009734 32
1.003382 31
1.004691 31
1.009898 32
1.007128 31
1.005122 31
1.007364 33
1.003319 31
1.006708 34
1.007113 40
1.008452 30
1.004592 30
1.008399 31
1.005308 31
1.005700 31
1.007847 32
1.009483 31
1.003906 31
1.007717 33
1.008542 31
1.004788 31
1.009191 31
1.009473 32
1.004199 31
1.004470 31
1.003525 15
0.000010 17
1.003392 15
0.000206 16
1.003490 32
1.003479 32
1.003965 31
1.003211 31
1.003532 32
1.003223 31
1.003627 31
1.003414 32
1.003549 31
1.003130 31
1.004909 32
1.003669 33
1.002948 31
1.004072 31
1.003341 32
1.003165 31
1.003507 31
1.003451 32
1.003608 31
1.003741 31
1.003487 33
1.013193 31
1.004698 31
1.003615 32
1.003679 31
1.003561 31
1.005042 32
1.003004 31
1.003309 31
1.003377 31
1.003400 33
1.002871 31
1.003341 31
1.003203 32
1.002936 31
1.003267 31
1.003711 32
1.004666 31
1.003677 31
1.003081 15
0.000009 17
1.003566 34
1.003448 39
1.003435 33
1.003673 31
1.003204 31
1.003510 32
1.003226 31
1.003545 31
1.003282 32
1.003066 31
1.003576 32
1.003152 31
1.003401 32
1.003839 31
1.003611 31
1.003510 32
1.003638 31
1.002756 31
1.003421 32
1.004156 31
1.003044 32
1.004353 32
1.002879 31
1.002842 31
1.003470 32
1.003673 31
1.002868 31
1.003287 32
1.003585 31
1.003084 31
1.003486 32
1.003318 32
1.003414 31
1.003265 31
1.003929 33
1.010093 31
1.003877 31
1.003447 15
0.000010 17
1.004286 31
1.002573 31
1.003211 33
1.003116 31
1.002877 31
1.002711 32
1.004356 31
1.003334 31
1.003471 31
1.003794 32
1.003536 31
1.003743 31
1.003113 33
1.003414 31
1.003142 31
1.002605 32
1.002999 31
1.003662 31
1.002896 32
1.003473 31
1.003340 31
1.002965 32
1.004142 35
1.003070 40
1.003375 15
0.000011 16
1.003444 31
1.002612 31
1.003602 15
0.000010 18
1.003114 31
1.003521 31
1.003235 32
1.003202 31
1.003795 32
1.003374 31
1.002666 32
1.003329 31
1.003404 31
1.003746 32
1.003585 31
1.003616 31
1.002914 32
1.003008 31
1.002991 32
1.003220 32
1.003579 31
1.003287 31
1.003360 32
1.002975 31
1.003035 31
1.002855 31
1.003308 32
1.003571 31
1.004278 32
1.003315 32
1.003466 31
1.003778 31
1.003519 26
0.000205 6
1.004126 31
1.004146 31
1.003277 33
1.002666 31
1.003582 31
1.004150 33
1.003305 31
1.003061 31
1.004375 32
1.003661 31
1.006265 31
1.003998 7
0.000152 18
0.000007 6
1.003957 32
1.004088 31
1.003432 31
1.003169 33
1.003591 31
1.004144 31
1.003281 32
1.004514 31
1.002774 31
1.003028 32
1.003040 31
1.003098 31
1.003290 32
1.003203 28
0.000010 6
1.003322 15
0.000386 24
1.003057 32
1.003085 31
1.003100 31
1.002789 32
1.002827 31
1.002820 31
1.004097 31
1.003635 15
0.000187 18
1.003428 32
1.003344 31
1.004425 32
1.002744 31
1.003728 31
1.003156 32
1.003408 31
1.003440 31
1.003375 32
1.003388 31
1.003449 32
1.003226 32
1.003596 31
1.003371 31
1.004118 32
1.003792 31
1.003591 31
1.002877 31
1.003873 32
1.002563 31
1.002777 32
1.002877 32
1.002736 31
1.002695 31
1.002831 32
1.003057 31
1.003124 31
1.003471 32
1.001472 31
1.002717 31
1.002701 35
1.002444 31
1.002697 31
1.002786 32
1.002961 31
1.002993 31
1.002892 31
1.002682 32
1.002871 31
1.003393 31
1.002671 33
1.003089 31
1.002884 31
1.003080 32
1.003651 31
1.002973 31
1.002747 32
1.002538 31
1.002650 31
1.003121 32
1.003283 34
1.002591 39
1.002299 15
0.000062 17
1.003021 31
1.002643 31
1.002888 32
1.002564 31
1.003403 31
1.001740 31
1.002602 26
0.000007 6
1.003027 32
1.002489 31
1.002762 33
1.002825 31
1.003585 31
1.002677 32
1.002641 31
1.002563 31
1.003066 32
1.003665 31
1.003342 32
1.002844 32
1.003114 31
1.003524 31
1.003452 31
1.003089 32
1.002904 31
1.003086 31
1.003396 32
1.003201 31
1.002862 32
1.003472 32
1.003248 31
1.003586 31
1.003016 32
1.004357 31
1.002746 31
1.003073 32
1.003091 31
1.002827 31
1.002731 33
1.002595 31
1.003229 31
1.002824 31
1.002481 33
1.002574 31
1.002399 31
1.002651 15
0.000040 17
1.003228 31
1.003158 31
1.002504 33
1.002886 31
1.003391 31
1.003008 32
1.003369 31
1.002727 31
1.002507 32
1.002760 31
1.004245 31
1.002785 31
1.002919 35
1.002823 24
0.000008 15
1.002713 26
0.000006 6
1.003334 31
1.002932 31
1.002884 31
1.003293 32
1.002657 31
1.002983 25
0.000182 6
1.002958 32
1.003186 32
1.003000 31
1.003055 32
1.004045 31
1.002676 25
0.000027 6
1.002948 33
1.003045 31
1.002931 31
1.002513 32
1.002744 32
1.002562 31
1.002914 32
1.002998 31
1.003088 31
1.004114 31
1.003455 32
1.003063 31
1.003071 31
1.004442 32
1.004214 32
1.003126 31
1.003076 32
1.002743 31
1.003444 31
1.003641 32
1.002997 7
0.000050 24
1.003617 31
1.002835 32
1.002427 31
1.003275 32
1.002451 31
1.002880 32
1.002665 31
1.002874 31
1.002414 32
1.003060 31
1.002954 31
1.002425 33
1.002560 31
1.002764 32
1.002822 32
1.002728 31
1.002809 31
1.002825 32
1.004178 31
1.002895 31
1.002730 32
1.002298 31
1.002895 31
1.002859 34
1.002493 40
1.003410 30
1.002380 31
1.003168 31
1.003107 31
1.003094 31
1.003259 32
1.003174 31
1.003194 31
1.002638 33
1.002634 31
1.002893 31
1.002687 32
1.002926 31
1.003483 31
1.002754 32
1.002874 31
1.003460 31
1.002848 33
1.002665 32
1.013372 31
1.002765 31
1.003177 32
1.003124 31
1.003310 31
1.003227 32
1.002970 31
1.003550 31
1.003160 32
1.002802 32
1.002764 31
1.002972 32
1.002555 31
1.003099 31
1.003438 32
1.002598 31
1.002880 31
1.002928 31
1.002656 32
1.003254 32
1.002854 31
1.003382 32
1.002718 31
1.002477 31
1.002893 32
1.004013 7
0.000053 24
1.003331 31
1.002914 32
1.002812 31
1.002709 32
1.003184 33
1.002672 31
1.003225 31
1.002732 26
0.000183 6
1.002824 31
1.002917 31
1.002936 31
1.003325 32
1.002871 31
1.003009 34
1.002872 40
1.003436 30
1.003277 30
1.002834 31
1.003040 31
1.003083 31
1.003392 26
0.000008 6
1.002900 31
1.003103 31
1.002980 33
1.003227 31
1.003137 31
1.002804 32
1.003742 31
1.002808 31
1.002940 32
1.003055 31
1.003439 31
1.003262 31
1.002995 16
0.000008 17
1.003537 31
1.003026 31
1.003275 33
1.003119 31
1.003623 31
1.003191 32
1.003407 31
1.003427 31
1.003400 32
1.003747 32
1.003954 31
1.004184 32
1.003264 31
1.003541 31
1.003950 31
1.003906 32
1.003403 31
1.003380 31
1.003290 32
1.003565 16
0.000010 16
1.004783 31
1.003811 32
1.002762 31
1.004573 31
1.003686 32
1.003181 31
1.003421 31
1.003589 32
1.003660 7
0.000079 24
1.003354 32
1.003282 32
1.003250 31
1.003721 31
1.003252 31
1.003320 33
1.003279 31
1.003507 31
1.003181 32
1.003775 31
1.003363 34
1.003238 40
1.003846 30
1.003312 30
1.003371 31
1.003752 31
1.003546 31
1.013629 26
0.000017 6
1.004154 31
1.003187 31
1.003529 33
1.002996 31
1.003284 31
1.003695 32
1.003743 31
1.003388 31
1.002945 31
1.003633 32
1.002449 31
1.002943 31
1.002977 33
1.002505 31
1.003730 25
0.000010 6
1.004352 32
1.004375 31
1.002973 31
1.003620 33
1.002895 25
0.000196 6
1.003327 15
0.000009 16
1.002889 32
1.002858 32
1.002952 31
1.002838 15
0.000009 16
1.002917 32
1.003601 31
1.002993 31
1.003322 32
1.002795 31
1.003896 31
1.002277 32
1.003239 32
1.002931 31
1.003183 32
1.003231 31
1.006174 31
1.002418 32
1.003158 31
1.003300 31
1.003056 32
1.003001 31
1.002792 32
1.003043 31
1.003251 32
1.003840 31
1.003558 31
1.004035 32
1.004068 31
1.003508 31
1.003768 34
1.003308 31
1.003960 34
1.013291 40
1.003230 30
1.003387 30
1.003149 31
1.004129 31
1.012619 31
1.003345 32
1.003263 25
0.000353 6
1.003250 31
1.003221 33
1.003045 31
1.003002 31
1.002782 31
1.005056 32
1.001924 31
1.005321 31
1.003001 32
1.002719 31
1.003187 31
1.003244 33
1.003405 31
1.002838 31
1.003244 32
1.003904 31
1.015011 31
1.002898 32
1.005319 31
1.004325 31
1.004952 31
1.003134 34
1.002969 31
1.003576 31
1.005092 32
1.002785 31
1.003817 31
1.003328 32
1.003438 31
1.003570 31
1.003105 32
1.004309 32
1.003870 31
1.003209 32
1.003199 31
1.003462 31
1.003303 32
1.002695 31
1.012758 31
1.003525 31
1.004447 32
1.002955 32
1.003274 31
1.003049 32
1.002696 31
1.003388 31
1.002986 32
1.003474 31
1.003497 31
1.003326 32
1.003244 31
1.003211 34
1.003993 41
1.003576 31
1.002908 31
1.002851 32
1.003175 31
1.003340 31
1.003274 32
1.003287 31
1.003380 32
1.003613 31
1.003678 32
1.003303 31
1.003196 31
1.003149 32
1.003442 31
1.003474 31
1.003744 32
1.003591 31
1.003444 32
1.003378 32
1.003318 31
1.003320 31
1.003560 32
1.003512 31
1.003399 31
1.003161 32
1.003202 15
0.000010 16
1.003225 31
1.003210 32
1.003484 32
1.003090 31
1.003278 31
1.003287 33
1.003614 31
1.003362 31
1.003842 32
1.003517 31
1.003068 31
1.003037 33
1.003248 31
1.003576 31
1.003528 32
1.003839 31
1.006282 7
0.000074 24
1.005038 31
1.003165 32
1.003593 31
1.003270 31
1.003394 33
1.002977 31
1.003227 31
1.012541 32
1.002986 31
1.002713 31
1.003205 32
1.003449 31
1.003498 31
1.003155 32
1.003084 34
1.003146 39
1.003291 32
1.002876 15
0.000194 16
1.003789 31
1.002940 15
0.000351 18
1.003287 31
1.003157 31
1.012585 32
1.003536 31
1.002957 32
1.003816 31
1.003199 32
1.003496 31
1.003237 31
1.004395 32
1.003084 31
1.002855 31
1.003105 32
1.003753 31
1.003085 32
1.003058 15
0.000041 17
1.003109 31
1.003170 31
1.003468 7
0.000009 25
1.003726 31
1.003154 31
1.003403 31
1.002926 32
1.003457 31
1.003624 32
1.003491 32
1.002780 31
1.003314 31
1.003664 32
1.002641 31
1.002912 31
1.003551 33
1.003383 31
1.003605 31
1.003398 33
1.003592 31
1.003132 31
1.003495 32
1.003811 31
1.003163 31
1.002840 31
1.003210 32
1.003179 31
1.003182 31
1.003340 33
1.002834 31
1.003013 31
1.003394 32
1.003535 31
1.003671 31
1.003296 32
1.003111 31
1.003441 31
1.002723 32
1.003375 35
1.003428 40
1.002807 31
1.003205 31
1.003266 31
1.003271 32
1.002986 31
1.003239 31
1.003686 31
1.003767 33
1.003641 32
1.003175 31
1.003133 32
1.002943 31
1.003777 31
1.003434 32
1.002990 31
1.002906 31
1.002891 32
1.003409 31
1.003340 32
1.003287 32
1.004107 31
1.003419 31
1.004345 32
1.004056 31
1.003896 31
1.003780 31
1.004163 32
1.003664 31
1.003651 32
1.003087 32
1.003003 31
1.003004 31
1.004281 32
1.004140 31
1.003540 31
1.003481 32
1.003341 31
1.003400 15
0.000008 16
1.003614 34
1.003403 31
1.002729 31
1.003035 32
1.003306 31
1.003621 31
1.003141 31
1.002858 32
1.004295 31
1.003463 31
1.013384 33
1.003008 31
1.003182 31
1.002878 32
1.003730 31
1.003630 15
0.001059 16
1.003141 32
1.003056 15
0.000010 16
1.003042 31
1.002908 32
1.003992 34
1.003375 39
1.003266 32
1.002855 31
1.003368 31
1.004584 32
1.003028 31
1.003756 31
1.003053 31
1.003353 32
1.003460 32
1.003737 31
1.003633 33
1.003248 31
1.004083 31
1.003329 32
1.004295 31
1.003854 31
1.002841 32
1.003433 31
1.003401 32
1.003185 32
1.002860 15
0.000009 16
1.003637 31
1.003671 31
1.002954 32
1.003174 31
1.003742 31
1.004403 32
1.003207 15
0.000177 16
1.003325 32
1.003170 32
1.003784 31
1.003422 31
1.003295 32
1.003709 31
1.003196 31
1.003658 32
1.003104 31
1.004101 31
1.003714 33
1.005033 31
1.004355 31
1.004695 31
1.003664 33
1.006313 31
1.004457 31
1.004372 32
1.003344 31
1.006356 31
1.003196 33
1.004070 15
0.000852 16
1.004263 25
0.000205 6
1.003996 32
1.006012 31
1.003555 31
1.004468 32
1.004398 31
1.005442 31
1.010441 15
0.000192 16
1.005394 35
1.008091 39
1.003883 32
1.002743 31
1.004890 31
1.005016 15
0.000010 16
1.004082 32
1.003836 31
1.004364 31
1.005974 32
1.003783 32
1.003907 15
0.000034 16
1.004635 32
1.003520 31
1.005035 31
1.003796 34
1.004905 31
1.003744 31
1.003203 32
1.003485 31
1.003791 32
1.006040 32
1.004480 31
1.004379 31
1.004283 31
1.005010 32
1.003084 31
1.003687 31
1.004515 32
1.003895 31
1.003722 32
1.003371 32
1.003430 15
0.000167 16
1.004827 15
0.000008 16
1.004484 32
1.004096 31
1.003146 31
1.003666 32
1.003503 31
1.004108 32
1.004183 32
1.003524 15
0.000009 16
1.004187 15
0.000042 16
1.007438 31
1.004057 32
1.005308 31
1.007380 31
1.008269 33
1.006763 31
1.006868 32
1.007685 32
1.009116 31
1.007100 15
0.000019 16
1.009104 32
1.007995 31
1.008729 31
1.008302 32
1.008600 31
1.011064 31
1.010432 18
0.000226 16
1.007698 40
1.009660 30
1.007836 31
1.007744 31
1.007957 31
1.008171 31
1.006407 32
1.007112 31
1.007038 31
1.011346 16
0.000021 17
1.008459 31
1.007428 31
1.006976 32
1.007578 31
1.019552 31
1.014857 32
1.009350 31
1.009394 31
1.008746 33
1.009712 32
1.008301 31
1.007487 31
1.006987 32
1.008008 15
0.000071 16
1.011874 31
1.008078 32
1.007823 31
1.018034 31
1.008861 32
1.008155 32
1.008903 31
1.008247 32
1.009860 31
1.008928 31
1.007881 32
1.007576 31
1.007869 31
1.007462 32
1.007404 31
1.008360 32
1.024432 31
1.007865 32
1.007491 31
1.008226 31
1.007517 32
1.009045 31
1.006371 15
0.000022 16
1.010298 32
1.006265 31
1.006943 32
1.007035 33
1.007352 31
1.008245 7
0.000017 24
1.012489 32
1.008417 31
1.007702 15
0.000021 16
1.006841 31
1.008103 32
1.007462 15
0.005426 16
1.003733 34
1.008996 40
1.007080 30
1.007260 30
1.006776 31
1.008263 31
1.007276 31
1.007516 32
1.007183 31
1.006635 31
1.007157 33
1.007445 31
1.008923 31
1.007928 32
1.008631 31
1.007587 31
1.008185 32
1.008700 31
1.009371 31
1.012924 31
1.010492 33
1.008632 31
1.007075 31
1.007606 15
0.000071 18
1.007835 31
1.009330 31
1.009132 32
1.007863 31
1.007761 31
1.007515 32
1.006928 32
1.007121 31
1.007428 15
0.000049 17
1.007621 31
1.007725 31
1.009616 32
1.011444 31
1.010446 31
1.008740 31
1.010106 33
1.013036 31
1.008888 31
1.012922 32
1.010014 31
1.009628 31
1.007380 32
1.008901 31
1.007949 31
1.011318 32
1.007777 32
1.007154 31
1.006759 32
1.006797 31
1.007314 31
1.010238 25
0.000195 6
1.006911 33
1.008056 31
1.008802 31
1.006955 15
0.000024 17
1.008751 34
1.008615 39
1.008563 32
1.006893 31
1.009071 31
1.008859 32
1.008857 31
1.010236 31
1.007271 32
1.006865 31
1.017149 32
1.007599 32
1.009917 31
1.007797 31
1.008945 32
1.007436 31
1.007475 31
1.006928 31
1.007479 32
1.008065 31
1.006730 32
1.009097 32
1.008641 31
1.007626 31
1.007831 32
1.006883 31
1.008120 31
1.006988 33
1.007812 31
1.006748 31
1.007453 33
1.010331 31
1.006797 31
1.008670 32
1.009226 31
1.009223 31
1.009194 31
1.014292 32
1.007267 31
1.009017 31
1.013809 33
1.008833 31
1.010844 15
0.001202 16
1.011153 15
0.000021 17
1.007273 31
1.011164 31
1.007816 32
1.008889 31
1.009226 15
0.000022 16
1.009791 26
0.000022 6
1.010445 32
1.006591 31
1.007390 32
1.007545 31
1.011356 31
1.008387 31
1.006810 32
1.007934 31
1.007274 31
1.007309 33
1.009491 34
1.011151 39
1.007108 32
1.007740 15
0.001092 16
1.007859 31
1.007443 32
1.007793 31
1.007213 31
1.008106 32
1.007932 31
1.007981 32
1.006612 32
1.006260 31
1.008748 31
1.007682 32
1.016918 31
1.005146 31
1.007661 31
1.007249 32
1.009920 31
1.006799 32
1.009445 32
1.010862 31
1.009679 15
0.000302 16
1.008724 32
1.017835 31
1.006375 31
1.006871 32
1.007434 31
1.008655 31
1.007514 34
1.006806 31
1.006821 31
1.020640 32
0.997217 31
1.007507 31
1.008699 31
1.006488 32
1.007202 31
1.014248 32
1.002626 32
1.006834 31
1.007365 31
1.010503 32
1.007066 31
1.008463 31
1.006317 32
1.007212 31
1.009107 31
1.007752 33
1.014379 31
1.009328 31
1.009660 15
0.000021 16
1.017348 32
1.009985 31
1.007296 31
1.007570 32
1.007985 31
1.008535 31
1.008669 35
1.006593 39
1.007507 31
1.007417 15
0.000020 18
1.007053 31
1.007062 31
1.009364 32
1.009374 31
1.006011 25
0.000022 6
1.020434 32
1.011913 32
1.008195 31
1.007465 32
1.010860 31
1.007508 15
0.000058 16
1.011261 31
1.009513 32
1.009679 7
0.000016 8
0.000135 16
1.008624 31
1.008116 32
1.007469 32
1.007410 31
1.008800 32
1.009043 31
1.007913 31
1.007882 32
1.013369 31
1.008449 31
1.007207 32
1.007431 31
1.012596 32
1.007040 32
1.010561 31
1.019259 31
1.007475 31
1.009326 34
1.007485 31
1.007645 15
0.000048 16
1.008802 15
0.000019 17
1.007331 31
1.010177 32
1.011841 32
1.007039 31
1.008677 31
1.007294 32
1.008812 15
0.000107 16
1.006584 31
1.006672 32
1.007280 31
1.006763 31
1.009178 33
1.005836 31
1.007067 15
0.000015 16
1.007740 31
1.008177 32
1.008615 15
0.000021 10
0.000034 6
1.008252 31
1.008766 32
1.009579 31
1.007473 31
1.007650 35
1.010527 39
1.019011 31
1.007823 32
1.022445 31
1.017143 31
1.011284 33
1.013182 31
1.008225 31
1.008902 32
1.009962 32
1.007673 31
1.008726 32
1.013522 31
1.013258 15
0.000207 16
1.007900 31
1.007829 32
1.012401 31
1.007363 31
1.008591 32
1.010196 32
1.009338 31
1.009712 32
1.006785 31
1.008786 31
1.008489 32
1.007202 31
1.007075 31
1.008229 32
1.008733 32
1.007965 31
1.007193 32
1.007551 31
1.009834 31
1.007685 31
1.011317 32
1.007504 15
0.000170 16
1.010779 31
1.009009 15
0.000021 18
1.008025 32
1.008331 31
1.009806 32
1.008360 31
1.007772 31
1.007447 32
1.009725 31
1.010000 31
1.008214 32
1.010626 31
1.013056 32
1.008809 31
1.006829 32
1.008388 31
1.008004 15
0.000018 16
1.011424 7
0.000275 25
1.008681 31
1.008329 31
1.007659 32
1.008294 31
1.006264 34
1.007897 40
1.009824 30
1.006976 30
1.007167 31
1.008420 31
1.007122 31
1.009958 32
1.007805 31
1.009144 31
1.007585 34
1.009047 25
0.000023 6
1.017631 31
1.007130 31
1.008329 32
1.007354 31
1.008898 31
1.008097 32
1.009722 15
0.000018 16
1.006973 31
1.008453 33
1.011286 31
1.008799 31
1.012810 32
1.009527 15
0.000079 16
1.009684 31
1.008319 32
1.007578 31
1.007401 31
1.008107 31
1.007265 33
1.007053 7
0.000244 24
1.012284 31
1.008889 32
1.012277 31
1.008751 31
1.010490 32
1.009267 31
1.007161 15
0.000021 16
1.009676 32
1.007567 32
1.007044 31
1.007271 33
1.011738 31
1.009693 31
1.009959 32
1.007551 31
1.008283 31
1.009685 31
1.015610 32
1.007754 32
1.008566 31
1.009109 32
1.008905 31
1.010817 31
1.010175 32
1.011686 31
1.007043 31
1.008119 7
0.000089 25
1.017480 31
1.009531 19
0.000057 16
1.009447 41
1.007064 31
1.017900 15
0.000023 16
1.007647 32
1.006926 31
1.006336 31
1.007690 32
1.010928 15
0.000553 16
1.009401 31
1.007886 33
1.012042 31
1.009669 31
1.006745 31
1.007648 33
1.010457 31
1.011390 31
1.009549 32
1.011424 31
1.011126 32
1.008776 32
1.008319 31
1.014302 31
1.008594 32
1.007359 31
1.008514 31
1.006971 32
1.006963 31
1.007865 31
1.009589 32
1.007640 32
1.012245 31
1.006940 31
1.009958 32
1.007568 31
1.007348 31
1.007592 32
1.008058 31
1.010864 31
1.010194 33
1.009460 31
1.011137 31
1.006748 32
1.008930 31
1.010569 31
1.008831 33
1.007279 31
1.006994 31
1.007303 31
1.009442 33
1.008036 31
1.007823 31
1.007883 32
1.007808 31
1.007136 31
1.007025 15
0.000015 17
1.006990 31
1.006415 31
1.006967 32
1.007579 34
1.007769 39
1.008125 32
1.008738 31
1.008125 31
1.007521 32
1.008184 31
1.007264 31
1.006967 32
1.008475 25
0.000016 6
1.008883 32
1.007797 31
1.007767 32
1.007619 31
1.014671 31
1.014449 32
1.017561 31
1.007420 31
1.008642 33
1.008554 31
1.011233 32
1.008647 32
1.006687 31
1.007753 31
1.006777 32
1.006987 31
1.007925 15
0.000039 16
1.008242 32
1.009578 31
1.007949 31
1.006869 32
1.007071 32
1.007392 31
1.006626 15
0.000015 16
1.008880 32
1.012140 31
1.009338 31
1.008711 32
1.007878 31
1.009159 31
1.008285 33
1.007819 31
1.007653 31
1.009837 32
1.008283 31
1.007362 31
1.007019 31
1.007021 32
1.013766 31
1.009956 31
1.007859 34
1.007732 31
1.008600 31
1.007088 32
1.010061 31
1.007863 25
0.000021 6
1.008767 32
1.006518 31
1.008013 31
1.008311 32
1.009471 34
1.009838 39
1.005525 32
1.008223 31
1.007692 31
1.007240 32
1.008494 15
0.000136 16
1.006932 31
1.008884 32
1.009170 31
1.007932 32
1.010576 15
0.000021 16
1.009213 32
1.008203 31
1.012163 31
1.006660 32
1.007533 31
1.006718 15
0.000175 16
1.007089 32
1.008211 32
1.006945 31
1.008263 33
1.006756 31
1.007268 31
1.007401 32
1.007306 31
1.007028 31
1.006682 15
0.000021 16
1.006386 32
1.007706 32
1.006473 31
1.008160 32
1.009491 15
0.000156 16
1.006909 31
1.009525 32
1.007675 15
0.000336 16
1.009748 31
1.008711 32
1.011442 31
1.008144 32
1.007919 32
1.010764 31
1.013790 15
0.000020 16
1.008644 32
1.006584 31
1.011231 31
1.007713 31
1.009878 32
1.007113 31
1.006772 32
1.023805 32
1.006745 31
1.007732 31
1.006808 34
1.007921 31
1.008899 31
1.008889 32
1.007529 31
1.009841 31
1.008283 35
1.009477 39
1.007044 31
1.008483 32
1.008271 15
0.000020 10
0.000111 6
1.007755 31
1.008218 32
1.007841 31
1.007828 15
0.000023 16
1.008425 31
1.008426 33
1.008553 31
1.008066 31
1.008279 32
1.008889 15
0.000119 16
1.007781 31
1.002506 32
1.019337 31
1.002916 31
1.002944 15
0.000007 17
1.009534 32
1.024490 31
1.002576 32
1.022628 31
