0.037022 114
15.028994 1
0.200466 1
1.367674 1
0.178991 1
0.099642 1
1.189485 1
0.216505 1
0.236031 1
0.351800 7
0.527519 11
0.005487 254
0.000989 114
20.378286 70
1.223564 154
0.507060 1
0.033498 1
0.031773 1
0.034346 1
0.031159 1
0.037218 1
0.032526 216
0.032737 1
0.300317 1
0.269379 1
0.203640 1
0.197942 1
0.189732 1
0.308070 1
0.735259 203
0.188189 197
0.716173 195
0.184766 198
0.421769 201
0.217963 204
0.287422 207
0.217182 210
0.184235 213
0.177574 216
0.233573 14
0.021530 373
1.014102 32
1.012812 31
1.008909 31
1.009542 31
1.009832 32
1.008866 31
1.007869 15
0.000127 16
1.008059 15
0.000053 17
1.009771 31
1.007955 32
1.008118 32
1.016664 31
1.009130 31
1.010265 32
1.013750 31
1.010364 31
1.006858 33
1.009648 31
1.013581 31
1.006900 32
1.017634 32
1.007291 31
1.008543 31
1.008890 32
1.005372 31
1.008707 31
1.007850 32
1.004804 31
1.007218 31
1.007967 35
1.004549 39
1.009145 31
1.005557 32
1.004399 31
1.008044 31
1.014674 32
1.005317 31
1.007556 31
1.005355 32
1.005504 32
1.008453 31
1.008664 32
1.004830 31
1.007748 31
1.008675 31
1.004932 32
1.012264 31
1.013399 31
1.008860 33
1.017392 32
1.007714 31
1.004447 32
1.007440 31
1.011586 7
0.000071 24
1.005077 32
1.007813 31
1.009706 31
1.005192 32
1.007327 32
1.004350 31
1.004678 31
1.008716 32
1.006915 31
1.009511 31
1.007885 32
1.007144 31
1.004653 31
1.009269 32
1.006620 32
1.004870 31
1.007521 32
1.006192 31
1.004882 31
1.009393 32
1.010913 31
1.005339 31
1.009872 32
1.010580 31
1.005140 32
1.011466 31
1.006760 33
1.004863 31
1.006468 31
1.007551 32
1.004366 31
1.008433 31
1.008534 32
1.006966 31
1.010155 34
1.009498 40
1.003806 30
2.718086 46
0.300948 32
1.003438 31
1.003760 31
1.006012 32
1.007506 31
1.007317 32
1.003768 32
1.007678 31
1.009545 31
1.005660 32
1.009364 31
1.009814 31
1.005271 32
1.007968 31
1.007805 31
1.005288 32
1.011430 32
1.004327 31
1.005198 31
1.014148 33
1.009910 31
1.004348 31
1.008483 32
1.007207 31
1.005026 31
1.009459 33
1.007221 31
1.004708 31
1.007911 32
1.011512 31
1.003802 31
1.010398 32
1.011070 31
1.008087 31
1.008147 31
1.007309 33
1.008566 31
1.008801 31
1.009387 32
1.006260 31
1.005730 31
1.004315 32
1.007456 31
1.007707 31
1.008668 32
1.004864 32
1.007514 31
1.009314 32
1.009516 31
1.006301 31
1.003527 33
1.005891 31
1.007139 31
1.007151 31
1.026187 15
0.000014 17
1.008408 34
1.007782 39
1.007468 32
1.007835 31
1.009451 31
1.007332 32
1.009975 31
1.008485 31
1.015776 32
1.008378 31
1.007475 32
1.008555 32
1.008643 31
1.008099 31
1.009743 32
1.007389 31
1.007786 31
1.008451 32
1.008333 25
0.000020 6
1.005279 31
1.008967 32
1.007889 32
1.007541 31
1.007639 31
1.008669 32
1.008706 31
1.006366 31
1.008201 33
1.007610 31
1.010024 31
1.008853 33
1.007983 31
1.006655 31
1.009628 32
1.007975 31
1.015492 31
1.008742 32
1.006864 31
1.009931 31
1.009190 32
1.007713 32
1.009055 31
1.009930 31
1.008327 32
1.008445 31
1.009385 31
1.010450 32
1.009101 31
1.008515 31
1.012136 33
1.009900 31
1.008253 31
1.008183 32
1.008248 31
1.010165 31
1.007058 31
1.009533 32
1.009271 31
1.006591 31
1.013180 79
1.013768 40
1.009582 30
1.003303 30
1.008660 31
1.006517 31
1.005602 31
1.008153 31
1.010095 32
1.008871 31
1.007532 32
1.011357 32
1.004982 31
1.009137 31
1.006509 32
1.010202 31
1.010222 31
1.007984 32
1.009296 31
1.010265 31
1.015810 33
1.006749 31
1.008636 31
1.007831 31
1.008604 32
1.009074 31
1.008710 31
1.008314 32
1.008777 31
1.007350 31
1.005382 34
1.009022 31
1.006924 31
1.009203 32
1.008848 31
1.007892 31
1.010664 32
1.008239 31
1.008658 31
1.007948 32
1.010172 32
1.009512 31
1.005217 31
1.009201 32
1.005127 31
1.011679 31
1.005540 32
1.013741 31
1.004657 31
1.009115 32
1.009787 32
1.008063 31
1.040793 32
1.004795 31
1.006507 31
1.008859 32
1.006942 31
1.007566 31
1.012994 31
1.006572 32
1.012068 34
1.007286 39
1.005202 33
1.006085 31
1.009744 31
1.005227 32
1.007567 31
1.008057 31
1.006766 32
1.004828 31
1.016820 32
1.005171 32
1.007709 31
1.014065 31
1.005069 32
1.005126 31
1.007622 31
1.008028 32
1.008318 31
1.006606 31
1.008027 32
1.010006 32
1.009833 31
1.007685 31
1.009666 32
1.006698 31
1.006127 31
1.010257 32
1.006714 31
1.005157 32
1.005125 15
0.000017 17
1.007867 31
1.005484 31
1.008192 33
1.007871 31
1.007714 31
1.007088 32
1.007356 31
1.004682 31
1.011150 32
1.008241 32
1.004647 31
1.009491 31
1.010028 32
1.005728 31
1.008351 15
0.000021 16
1.008427 32
1.004796 31
1.009615 31
1.008255 33
1.005522 31
1.007893 31
1.008132 32
1.005128 31
1.008345 31
1.007730 32
1.005101 31
1.007529 31
1.007984 31
1.005468 36
1.007713 40
1.007996 31
1.005043 31
1.006238 31
1.006698 31
1.004628 33
1.010005 31
1.004919 31
1.004995 32
1.004311 32
1.003659 31
1.003738 32
1.003704 31
1.003025 31
1.004394 32
1.010304 31
1.008909 31
1.003869 32
1.007250 31
1.007632 32
1.008151 31
1.006946 32
1.009092 31
1.003950 31
1.008142 32
1.009938 31
1.004285 31
1.006067 32
1.006952 31
1.004949 32
1.008873 32
1.007976 31
1.004746 31
1.011977 32
1.008797 31
1.004310 31
1.009046 33
1.011073 31
1.004049 31
1.006869 32
1.009506 32
1.005702 31
1.009074 31
1.008472 32
1.006519 15
0.000013 16
1.011514 31
1.007912 15
0.000019 17
1.014901 31
0.999271 31
1.008440 33
1.005459 31
1.007922 31
1.006711 32
1.005889 31
1.010346 31
1.007887 31
1.006074 32
1.008013 31
1.008347 31
1.005795 35
1.009149 39
1.007681 31
1.004797 32
1.011335 31
1.008984 31
1.005100 32
1.009317 31
1.010759 31
1.007591 33
1.005665 32
1.006869 31
1.004780 32
1.008312 31
1.009401 31
1.004561 32
1.007256 31
1.011643 31
1.004597 32
1.008884 31
1.006158 32
1.004500 31
1.007763 32
1.007571 31
1.004510 31
1.010222 32
1.006804 31
1.014463 31
1.008264 32
1.005139 31
1.004819 32
1.008902 32
1.008446 31
1.006939 31
1.006363 32
1.007396 31
1.010078 31
1.008096 31
1.005214 32
1.006267 31
1.006712 32
1.008039 33
1.007670 31
1.010077 31
1.009118 32
1.003672 31
1.008175 31
1.007556 32
1.008379 31
1.007653 32
1.008439 32
1.008789 31
1.008581 31
1.008352 32
1.008259 31
1.012007 31
1.007110 31
1.009194 32
1.008574 31
1.009440 34
1.009000 40
1.007728 30
1.007371 30
1.007872 31
1.010990 31
1.009547 31
1.008557 32
1.006206 31
1.009152 31
1.012459 33
1.008816 31
1.008744 31
1.008670 33
1.010321 31
1.006478 31
1.007499 32
1.008407 7
0.000024 24
1.008743 31
1.009176 31
1.007920 33
1.010049 31
1.011147 31
1.008087 32
1.010593 31
1.011270 31
1.008974 32
1.009446 31
1.010408 31
1.012138 32
1.008404 32
1.008357 31
1.008224 32
1.008042 31
1.004581 31
1.010859 31
1.007042 32
1.008070 31
1.003717 31
1.007515 32
1.008798 32
1.006821 31
1.007896 32
1.008321 31
1.005851 31
1.007111 33
1.009453 31
1.008481 31
1.007997 32
1.007267 31
1.009382 32
1.007731 32
1.005389 31
1.009263 31
1.007750 31
1.008730 32
1.008904 31
1.008401 31
1.004965 32
1.009340 31
1.006087 34
1.006806 40
1.006874 30
1.012350 30
1.008442 31
1.009022 31
1.004060 31
1.008869 32
1.007763 31
1.009469 31
1.009235 33
1.008864 31
1.008598 31
1.006250 31
1.005045 32
1.007115 31
1.007801 31
1.007969 34
1.007929 31
1.007269 31
1.008921 33
1.007619 31
1.009295 31
1.006950 32
1.007217 31
1.005814 31
1.007163 32
1.004380 31
1.007875 31
1.004738 32
1.004441 32
1.007377 31
1.009842 31
1.006992 32
1.005913 31
1.009217 31
1.007261 32
1.008362 31
1.009771 31
1.004835 32
1.005666 32
1.009698 31
1.006726 32
1.012326 31
1.009088 31
1.008317 32
1.007513 31
1.009555 31
1.008177 33
1.011074 31
1.008006 32
1.008147 31
1.007512 32
1.007547 31
1.009123 31
1.008009 32
1.007172 31
1.009485 31
1.023870 32
1.010447 34
1.009507 39
1.007055 32
1.008561 31
1.009675 31
1.004342 32
1.009859 31
1.007358 31
1.009319 32
1.010616 31
1.004763 32
1.008500 32
1.007792 31
1.004545 31
1.007612 31
1.007547 32
1.005169 31
1.007996 31
1.009450 32
1.004987 31
1.007847 32
1.013093 33
1.005374 31
1.007723 31
1.008601 32
1.005744 31
1.008207 31
1.011234 32
1.005010 31
1.009689 31
1.008334 33
1.004625 31
1.006423 31
1.008834 31
1.005366 32
1.009033 31
1.007059 31
1.003677 32
1.010612 31
1.009013 31
1.005167 33
1.008985 31
1.003479 31
1.005020 32
1.005260 31
1.005131 31
1.003773 32
1.004065 31
1.005061 31
1.003391 31
1.003575 33
1.003717 31
1.009678 31
1.003918 33
1.004725 31
1.004119 31
1.003631 32
1.009131 31
1.006316 31
1.005404 32
1.009214 34
1.009210 39
1.004816 32
1.004417 31
1.006605 31
1.006883 32
1.004387 31
1.007785 31
1.003949 32
1.009046 31
1.006969 32
1.005078 32
1.006646 31
1.005661 31
1.004804 31
1.005733 32
1.007486 31
1.008591 31
1.009623 32
1.009125 31
1.005394 32
1.010282 32
1.009210 31
1.004986 31
1.011226 33
1.010614 31
1.004797 31
1.007376 32
1.007279 31
1.004277 31
1.009017 32
1.007068 32
1.004973 31
1.014508 31
1.006806 32
1.004242 31
1.005051 31
1.007086 32
1.005175 31
1.010963 31
1.011371 33
1.004380 31
1.010926 31
1.007246 32
1.006056 31
1.010983 31
1.007079 32
1.006565 31
1.008871 31
1.005072 31
1.006280 33
1.003876 31
1.005091 31
1.004077 32
1.004062 31
1.004427 31
1.004302 33
1.003603 31
1.006076 31
1.005427 32
1.003942 34
1.009558 39
1.003022 32
1.009054 31
1.004830 31
1.004109 32
1.005896 31
1.009158 31
1.003852 32
1.004695 31
1.006089 32
1.004784 31
1.008154 32
1.009135 31
1.004688 31
1.008717 32
1.004027 31
1.006788 31
1.008749 32
1.004243 32
1.005064 31
1.007346 32
1.006994 31
1.004779 31
1.008959 32
1.006507 31
1.004363 31
1.006767 31
1.004689 33
1.005021 32
1.008590 31
1.008925 32
1.004388 31
1.008241 31
1.010731 32
1.004764 31
1.015126 31
1.005569 32
1.004031 31
1.008915 32
1.004172 32
1.003230 31
1.004832 31
1.007995 32
1.008481 31
1.004204 31
1.005181 31
1.002860 15
0.000435 17
1.006896 31
1.004669 32
1.004886 32
1.010210 31
1.008880 31
1.007901 32
1.008074 31
1.006335 31
1.005157 32
1.004831 31
1.009166 31
1.005290 36
1.008416 39
1.008844 31
1.005177 32
1.007451 31
1.007434 31
1.004059 32
1.004884 31
1.007796 31
1.004754 31
1.008056 33
1.007105 31
1.004831 31
1.003896 32
1.004500 31
1.004692 31
1.003964 32
1.003794 31
1.003850 31
1.009201 32
1.008868 32
1.004456 31
1.003924 32
1.006673 31
1.004254 31
1.008867 32
1.007783 31
1.004935 31
1.004888 31
1.008379 32
1.005464 32
1.006909 31
1.007982 33
1.004550 31
1.004914 31
1.004260 32
1.004754 31
1.009458 31
1.007017 32
1.004729 31
1.008162 32
1.007227 32
1.005604 31
1.007944 31
1.007904 32
1.004090 31
1.004904 31
1.005351 31
1.004221 32
1.008605 31
1.008710 32
1.004027 32
1.007582 31
1.008669 31
1.006425 32
1.009516 31
1.008954 31
1.004870 32
1.004016 31
1.006867 31
1.006279 35
1.009368 39
1.009098 31
1.005822 33
1.007754 31
1.010736 31
1.004347 32
1.008519 31
1.007142 31
1.005054 31
1.009208 33
1.004843 31
1.004869 31
1.007747 32
1.007230 31
1.006794 31
1.017542 32
1.008156 31
1.009629 31
1.011932 32
1.006230 32
1.005254 31
1.008458 7
0.000027 25
1.003839 31
1.004694 31
1.005778 31
1.004680 32
1.002519 31
1.003217 31
1.004753 32
1.004482 32
1.004108 31
1.003926 32
1.003891 31
1.003574 31
1.003978 34
1.003930 31
1.004132 31
1.003564 32
1.003716 31
1.003897 32
1.003858 32
1.003312 31
1.005276 31
1.003892 31
1.004246 32
1.004992 31
1.005392 31
1.004243 32
1.005246 31
1.003446 32
1.003677 32
1.003873 31
1.003879 31
1.003687 32
1.003552 31
1.003474 31
1.003431 32
1.003884 31
1.003942 31
1.003259 35
1.012221 39
1.004721 31
1.003602 32
1.003209 31
1.008189 31
1.005494 31
1.008873 33
1.010520 31
1.009707 32
1.008521 32
1.010072 31
1.009764 31
1.007600 32
1.009129 31
1.007627 31
1.014985 32
1.007067 31
1.007260 31
1.007880 33
1.009080 31
1.008527 31
1.004424 32
1.004237 31
1.004781 31
1.005148 31
1.006110 32
1.007138 31
1.009471 31
1.011412 33
1.004614 31
1.006806 31
1.009328 32
1.008430 31
1.007993 31
1.009113 32
1.008620 31
1.009675 31
1.006565 33
1.010286 32
1.004659 31
1.008001 32
1.009997 31
1.014243 31
1.007901 31
1.010260 32
1.010796 31
1.007384 31
1.008005 32
1.006726 32
1.009069 31
1.006425 32
1.008149 31
1.006446 31
1.009320 32
1.007907 31
1.009179 31
1.006440 32
1.009144 31
1.009539 35
1.005155 41
1.009473 31
1.007403 31
1.007203 32
1.004388 31
1.004239 31
1.005017 31
1.008438 32
1.004669 31
1.009737 32
1.006298 33
1.010655 31
1.007035 31
1.008381 32
1.008003 31
1.008233 31
1.005564 32
1.007215 31
1.009646 31
1.008570 33
1.008986 31
1.005708 31
1.010180 32
1.007981 31
1.004587 31
1.011703 31
1.010232 32
1.006411 31
1.008804 31
1.004430 33
1.009104 31
1.008215 31
1.007612 32
1.004575 31
1.007013 31
1.008117 32
1.007976 31
1.006898 31
1.009169 32
1.004283 32
1.009623 31
1.006556 31
1.006153 33
1.008565 31
1.008878 31
1.007430 32
1.007933 31
1.009787 31
1.018522 32
1.002009 32
1.008818 31
1.007409 32
1.007288 31
1.007418 31
1.007899 32
1.007314 31
1.008511 31
1.004620 32
1.010873 15
0.000018 16
1.004898 34
1.008853 39
1.007450 32
1.010118 31
1.007271 32
1.008749 31
1.007929 31
1.007814 31
1.009328 32
1.016533 32
1.004305 31
1.007462 32
1.009250 31
1.008076 31
1.008070 33
1.008183 25
0.000035 6
1.008283 31
1.006151 32
1.007557 31
1.007821 32
1.009544 32
1.009690 31
1.007144 31
1.010863 31
1.003928 32
1.007438 31
1.011069 31
1.009294 32
1.009383 31
1.006275 32
1.006706 32
1.003677 31
1.008148 31
1.010281 32
1.004332 31
1.010388 31
1.008610 32
1.006883 31
1.006976 31
1.006770 16
0.000107 17
1.013765 31
1.006392 31
1.008727 31
1.009099 32
1.005643 31
1.006541 31
1.008444 33
1.007070 31
1.061477 31
1.007629 33
1.012085 31
1.007736 31
1.006859 32
1.016983 7
0.000263 24
1.003003 31
1.016168 32
1.008156 31
1.003302 31
1.008342 31
1.005107 35
1.004959 39
1.007890 32
1.008719 31
1.003458 31
1.005449 31
1.005031 32
1.006532 31
1.010288 31
1.006877 32
1.005490 32
1.010658 31
1.022959 32
1.003372 31
1.004162 31
1.007593 32
1.005039 31
1.006788 31
1.008257 33
1.005358 31
1.011494 32
1.007092 32
1.004602 31
1.006532 31
1.006780 31
1.004515 32
1.004602 31
1.008223 31
1.004581 32
1.004239 31
1.007216 32
1.004942 32
1.004754 31
1.010576 31
1.004875 32
1.008091 31
1.005306 31
1.004580 32
1.005920 31
1.012634 31
1.004760 32
1.006606 32
1.007710 31
1.004671 31
1.006349 32
1.010610 31
1.005861 31
1.009417 32
1.009690 31
1.004715 31
1.002825 34
1.007285 31
1.006505 31
1.007966 32
1.009680 31
1.005206 31
1.008860 32
1.007653 31
1.005371 31
1.004204 31
1.008457 35
1.004881 39
1.008553 32
1.006690 31
1.005001 31
1.006863 31
1.008560 32
1.005083 31
1.007660 31
1.009654 32
1.004943 32
1.010256 31
1.010080 32
1.005004 31
1.008785 31
1.009087 32
1.006470 31
1.007341 31
1.008131 32
1.005701 32
1.007301 31
1.007306 31
1.004593 33
1.008042 31
1.007526 31
1.006611 32
1.009397 31
1.035514 31
1.005370 32
1.008877 32
1.007518 31
1.004633 32
1.009459 31
1.009423 31
1.007510 32
1.004668 31
1.007935 31
1.005102 32
1.010038 31
1.005990 32
1.008316 31
1.003346 15
0.000011 17
1.008473 31
1.005051 31
1.007291 32
1.008596 31
1.004528 31
1.007909 32
1.010467 31
1.003176 32
1.009147 32
1.010408 31
1.005522 31
1.007171 34
1.009083 31
1.008800 31
1.006841 32
1.006037 31
1.012248 31
1.007127 34
1.004357 40
1.003375 30
1.006255 30
1.005541 31
1.008455 31
1.007934 31
1.004287 32
1.003027 31
1.005212 31
1.003057 33
1.003992 31
1.005944 31
1.007978 32
1.006206 31
1.003076 31
1.006204 32
1.004547 31
1.005450 31
1.006376 31
1.009761 33
1.009115 31
1.008662 31
1.006570 32
1.008275 31
1.005231 31
1.009750 33
1.005034 31
1.003301 31
1.008192 32
1.008054 32
1.003944 31
1.009276 32
1.006114 31
1.007936 31
1.006289 32
1.004327 31
1.006683 31
1.004398 31
1.008396 32
1.008402 32
1.004563 31
1.009190 32
1.007995 31
1.008882 31
1.009177 32
1.004494 31
1.008601 31
1.004770 32
1.004120 31
1.008308 32
1.007808 32
1.009051 31
1.009141 31
1.008960 31
1.009486 32
1.010076 31
1.009195 31
1.002847 33
1.005614 31
1.004835 34
1.009676 40
1.008169 30
1.009024 30
1.011438 31
1.007331 31
1.009360 31
1.004912 32
1.006427 31
1.004769 31
1.004096 33
1.009554 31
1.006601 31
1.009258 32
1.006350 31
1.009040 31
1.006534 31
1.004500 32
1.004768 31
1.005733 31
1.008464 33
1.008559 31
1.007866 31
1.009954 32
1.008531 31
1.008630 31
1.007951 32
1.008132 31
1.008017 31
1.005079 33
1.007544 32
1.003801 31
1.008636 32
1.009951 31
1.008021 31
1.007189 31
1.007750 32
1.011804 31
1.010298 31
1.008164 33
1.008693 31
1.004922 31
1.009352 32
1.012979 31
1.008394 31
1.009361 32
1.003655 31
1.009223 31
1.009085 32
1.003698 32
1.007565 31
1.004559 31
1.008125 32
1.008872 31
1.006280 31
1.008301 32
1.007680 31
1.003969 31
1.004291 32
1.005140 34
1.003961 39
1.005802 33
1.005886 31
1.008705 31
1.007698 32
1.009700 31
1.011739 31
1.003109 32
1.004873 31
1.008235 32
1.002953 32
1.005827 31
1.009660 31
1.008796 32
1.012590 31
1.005273 31
1.005067 31
1.009057 32
1.004346 31
1.008489 32
1.007648 32
1.002872 31
1.009954 31
1.008500 32
1.008467 31
1.008534 31
1.010611 32
1.008947 31
1.005077 31
1.008307 33
1.011488 31
1.006200 31
1.008317 31
1.008760 33
1.011213 31
1.009304 31
1.006315 32
1.006106 31
1.008512 31
1.009523 33
1.006754 31
1.012528 31
1.014152 32
1.004836 31
1.003164 31
1.006499 32
1.004682 31
1.008451 31
1.005516 32
1.005255 32
1.008417 31
1.005650 31
1.006217 32
1.009145 31
1.006134 31
1.004520 32
1.006827 31
1.007790 31
1.004763 32
1.009907 34
1.006991 39
1.004238 32
1.010646 31
1.004911 31
1.006080 33
1.006829 31
1.006923 31
1.005844 32
1.004281 31
1.010610 32
1.003090 32
1.004663 31
1.010108 31
1.003175 31
1.008788 32
1.008049 31
1.005288 31
1.007805 32
1.009434 31
1.005102 32
1.008186 32
1.004695 31
1.004798 31
1.003990 32
1.009341 31
1.006620 31
1.008659 32
1.007538 31
1.003671 31
1.008933 33
1.009623 31
1.005445 31
1.009355 31
1.005044 32
1.005398 31
1.009153 31
1.007863 33
1.005031 31
1.004114 31
1.003895 33
1.005930 31
1.010519 31
1.002806 32
1.003110 31
1.008423 31
1.006353 32
1.002817 31
1.008130 31
1.003204 31
1.004485 33
1.010763 31
1.009493 31
1.003840 32
1.009363 31
1.005269 31
1.003167 32
1.009960 31
1.009912 31
1.003926 7
0.000054 28
1.010186 39
1.009043 31
1.004429 32
1.010723 31
1.008003 31
1.005349 32
1.007306 31
1.009237 31
1.005572 33
1.007492 32
1.006254 31
1.004182 32
1.003750 31
1.004537 31
1.003730 31
1.005527 32
1.005198 31
1.005609 31
1.004872 32
1.006337 32
1.005520 31
1.007615 32
1.007530 31
1.005456 31
1.004313 32
1.008088 31
1.005197 31
1.010461 32
1.010483 31
1.004324 32
1.007911 31
1.008797 32
1.005901 31
1.004644 31
1.009139 32
1.002478 31
1.008551 31
1.004799 32
1.006211 31
1.008181 32
1.008008 33
1.005939 31
1.005627 31
1.006515 32
1.004457 31
1.009942 31
1.013944 32
1.004467 31
1.004340 31
1.007164 32
1.007241 32
1.007189 31
1.005429 31
1.004396 32
1.009334 31
1.005359 31
1.011422 32
1.077761 31
1.007945 31
1.010186 35
1.007968 39
1.008628 31
1.007519 32
1.006702 31
1.008215 31
1.004608 32
1.008027 31
1.007389 31
1.008308 32
1.006168 32
1.009316 31
1.010791 31
1.009289 34
1.009835 31
1.004931 31
1.002980 32
1.009027 31
1.010107 31
1.007933 32
1.008148 32
1.007552 31
1.009075 32
1.003587 31
1.009430 31
1.008129 32
1.004020 25
0.000016 6
1.007401 31
1.003455 32
1.005142 31
1.004813 32
1.003547 31
1.008268 32
1.007897 31
1.003415 31
1.009040 32
1.004854 31
1.006936 31
1.009016 32
1.008914 31
1.006850 32
1.010366 32
1.006723 31
1.004588 31
1.011801 33
1.004641 31
1.008513 31
1.007597 31
1.009328 32
1.004364 31
1.010336 32
1.011191 32
1.008522 31
1.005433 31
1.006878 32
1.005729 31
1.007461 31
1.009168 32
1.006737 31
1.006325 31
1.008250 36
1.007821 40
1.007806 30
1.007929 31
1.011796 31
1.009205 31
1.005928 32
1.006761 31
1.005038 31
1.004083 33
1.004133 31
1.009621 31
1.009175 31
1.004783 32
1.007611 31
1.007957 31
1.010998 33
1.008296 31
1.015476 31
1.009189 33
1.007063 31
1.002826 31
1.010647 32
1.004602 31
1.005854 31
1.008526 32
1.006196 31
1.007628 31
1.006798 31
1.006921 33
1.005270 31
1.008146 31
1.010422 32
1.006523 31
1.005253 31
1.009951 32
1.009142 31
1.010282 31
1.003153 32
1.007445 32
1.004587 31
1.008863 32
1.010222 31
1.004627 31
1.004736 32
1.007989 31
1.007853 31
1.005055 31
1.010775 33
1.007830 32
1.004329 31
1.007200 32
1.009073 31
1.009358 31
1.007566 32
1.008734 31
1.009855 31
1.007951 32
1.043754 31
1.009305 34
1.008279 40
1.008289 30
1.008969 30
1.004460 31
1.010344 31
1.007428 31
1.007286 32
1.009000 31
1.004266 31
1.009280 32
1.008380 32
1.007948 31
1.103391 31
1.010026 32
1.004666 31
1.007489 31
1.007118 32
1.005353 31
1.009343 31
1.008234 34
1.005107 31
1.008514 31
1.008193 32
1.004434 31
1.010742 31
1.007154 31
1.008893 32
1.004937 31
1.008084 31
1.006605 33
1.005730 31
1.009718 31
1.005822 32
1.004705 31
1.008567 31
1.006889 32
1.010298 31
1.008412 31
1.006158 32
1.010015 32
1.006021 31
1.004788 32
1.008559 31
1.003230 31
1.007937 31
1.004326 32
1.004173 31
1.004487 31
1.005227 32
1.009431 32
1.004557 31
1.007798 33
1.009760 31
1.006084 31
1.007001 32
1.007024 31
1.004801 31
1.007742 32
1.007669 31
1.005179 34
1.004930 40
1.008485 30
1.005061 30
1.009977 31
1.014310 31
1.008088 31
1.008878 31
1.005679 32
1.034693 32
1.004838 31
1.006223 32
1.035055 31
1.008129 31
1.010458 32
1.005266 31
1.012118 31
1.004566 32
1.005247 31
1.003582 32
1.005012 32
1.004640 31
1.009934 31
1.006873 31
1.004892 33
1.004415 31
1.008717 31
1.004093 32
1.005137 31
1.004269 32
1.004540 32
1.010330 31
1.003012 31
1.004844 32
1.010373 31
1.006160 31
1.007329 32
1.007584 31
1.002590 31
1.006032 33
1.007696 31
1.008062 31
1.006552 31
1.005911 32
1.008527 31
1.002569 31
1.005755 32
1.002585 31
1.038961 31
1.003136 33
1.004379 31
1.004510 31
1.005841 32
1.003429 31
1.003772 31
1.005255 33
1.008527 31
1.010295 31
1.010334 31
1.008908 35
1.009082 39
1.007967 32
1.007748 31
1.006806 31
1.008437 31
1.004678 32
1.007051 31
1.008874 31
1.009319 32
1.009298 32
1.007011 31
1.005729 32
1.007376 31
1.009830 31
1.007537 32
1.009219 31
1.007962 31
1.009861 32
1.007214 31
1.008976 32
1.006846 32
1.007020 31
1.007536 31
1.006707 31
1.010864 32
1.005927 31
1.006768 31
1.008379 33
1.034253 31
1.003268 32
1.009184 32
1.007062 31
1.008064 31
1.004102 32
1.006447 31
1.010152 31
1.008044 32
1.004187 31
1.005690 31
1.004127 32
1.003298 32
1.003760 31
1.003369 31
1.003017 32
1.003762 31
1.007473 31
1.006599 32
1.005907 31
1.004184 31
1.003471 33
1.003561 31
1.003413 31
1.003578 32
1.010908 31
1.009187 31
1.008616 32
1.008889 31
1.009365 31
1.004795 31
1.007791 36
1.007672 39
1.007422 32
1.008672 31
1.005486 31
1.009933 31
1.004776 32
1.008611 31
1.009337 31
1.006924 32
1.008400 32
1.004633 31
1.007595 32
1.007697 31
1.005816 31
1.006179 32
1.006578 31
1.009974 31
1.008196 32
1.002711 32
1.007560 31
1.008478 31
1.006560 32
1.003579 31
1.010457 31
1.007232 32
1.006218 31
1.007618 31
1.007493 32
1.005638 32
1.008844 31
1.025248 34
1.008844 31
