0.052033 114
144.402827 19
0.658499 31
0.709118 279
0.002829 114
7.555404 34
0.870942 61
0.413070 61
0.000433 42
0.004575 114
6.125044 34
0.633317 61
0.870026 14
0.002726 114
9.758040 17
0.588568 25
0.013946 38
0.000569 114
196.560462 19
0.630031 22
0.000023 9
0.041721 595
0.001111 114
14.332581 25
0.570599 43
0.006417 70
0.000460 114
9.389012 24
0.586066 39
0.070320 27
4.623773 2
0.067666 217
0.003857 114
441.872950 24
0.654070 32
0.003595 9
0.031111 30
0.001667 114
362.502218 20
0.570858 24
0.000145 9
0.004121 114
7.627046 25
0.638668 43
0.004055 47
0.000393 114
6.502430 34
0.501403 61
0.004804 122
0.000449 254
0.000117 194
0.000208 292
0.000584 114
15.300736 29
0.450644 49
0.002571 49
0.000446 114
16.017185 16
0.503305 23
0.003200 53
0.000576 114
10.313704 69
0.595081 163
0.105713 63
0.000629 114
5.672741 36
0.555779 65
0.481955 22
0.002435 114
6.435493 35
0.438335 63
0.016060 109
0.002256 114
5.841484 30
0.581451 51
0.215551 141
0.002108 114
9.555730 65
0.632658 159
0.642539 45
0.004729 114
5.409243 39
0.630142 71
0.014832 2237
0.000399 114
2411.391095 20
0.761501 24
0.000983 9
0.042144 16
0.004294 879
0.001423 114
5.932617 18
0.573710 29
0.006916 114
5.597880 44
0.370080 73
0.004890 199
0.000596 114
3.582532 44
4.679381 73
0.003720 199
0.000499 114
6.193832 29
0.721506 51
0.598049 35
31.663728 15
0.786703 2
0.000559 51
10.724528 2
0.448721 210
0.019584 306
0.000963 114
61.268886 38
0.536792 67
0.034179 30
0.000460 140
0.000724 8
0.000104 106
19.849483 29
0.862847 51
0.901302 102
0.012394 765
0.000492 114
31.447969 29
0.587477 51
0.358686 35
11.070172 15
0.496926 2
0.000244 51
6.509138 2
0.300112 210
0.005178 306
0.000279 114
47.773329 29
0.379030 51
0.780631 102
0.010404 765
0.000601 114
13.690775 29
0.475381 51
0.338313 35
14.739423 15
0.769038 2
0.000054 51
10.039420 2
0.381832 210
0.005383 306
0.001004 114
57.260653 32
0.414909 57
0.379002 35
9.855070 15
0.549696 2
0.000019 51
6.926392 2
0.419496 32
0.001293 150
0.000047 60
0.000150 30
0.000623 61
0.001544 62
0.000482 62
0.000019 31
0.000154 112
0.000321 132
0.004158 33
0.000457 33
0.001589 66
0.000151 101
0.000152 68
0.000094 34
0.001040 42
0.000462 29
0.000184 58
0.000134 58
0.008171 29
0.000851 29
0.001076 29
0.003467 267
0.758576 273
0.001857 104
0.022041 114
1153.928228 11
0.000735 6
